0 22 6 0 1 16 11 0 0 27 48 1 80 37 0 0 29 133 16 0 0 0 5 1 42 9 1 1 2 0 0 1 2 17 212 6 0 17 1 0 0 0 0 0 0 3 0 0 0 0 21 0 0 0 1 7 0 0 3 0 45 84 17 1 22 2 6 28 22 8 93 0 0 0 2 32 3 6 0 1 59 0 0 0 0 46 7 3 8 1 15 0 23 6 0 281 0 11 0 1 0 4 28 3 39 6 1 9 20 1
0 18 20 0 15 34 12 2 0 4 2 7 13 14 2 2 7 31 0 0 0 0 2 2 48 16 1 4 7 6 0 13 2 20 274 3 1 15 16 0 0 0 0 0 0 1 0 0 0 0 49 0 0 1 0 3 1 6 7 0 51 59 14 1 36 14 25 35 2 3 119 1 9 0 2 7 5 3 0 1 97 0 0 0 0 5 1 1 0 0 21 1 35 7 2 220 0 1 1 0 5 8 5 1 58 12 8 6 45 2
0 11 18 3 15 16 13 2 0 17 19 37 82 20 0 2 8 116 14 0 2 4 2 0 9 2 4 0 0 0 0 0 1 7 151 1 0 8 7 0 0 0 0 0 1 3 0 0 0 0 35 0 0 0 2 3 0 3 24 0 47 92 16 1 16 2 58 64 8 4 87 0 0 0 4 19 1 2 0 0 70 0 0 0 0 28 4 3 9 2 31 0 22 2 1 258 0 10 1 2 5 16 18 2 42 10 1 4 33 0
0 5 17 2 4 13 17 1 0 46 24 16 88 20 1 2 6 134 20 0 2 7 6 0 11 11 0 0 0 0 0 0 0 9 164 2 3 22 13 2 0 0 0 1 0 4 0 0 0 2 33 0 1 0 0 5 0 0 0 0 34 98 17 1 21 0 62 45 14 4 90 0 0 0 0 27 3 4 0 0 67 0 0 0 0 16 14 2 7 0 20 0 22 4 2 288 0 13 0 2 6 23 21 1 44 15 4 15 26 0
0 14 6 5 9 14 2 0 0 60 28 31 124 21 0 1 14 159 14 0 5 3 4 2 17 0 2 0 2 2 0 0 1 3 120 4 1 17 4 0 0 0 0 1 0 3 0 0 2 0 37 0 0 3 5 0 1 4 9 0 47 105 15 1 20 0 74 42 21 1 89 0 0 15 14 0 6 6 0 0 78 0 0 0 0 27 17 6 10 2 22 0 25 3 1 267 2 10 0 1 6 23 23 4 24 5 5 1 19 0
0 22 15 1 13 17 4 1 0 7 8 21 37 11 0 0 7 52 3 0 1 1 6 6 28 0 1 2 2 0 0 23 1 11 218 3 1 13 13 0 0 0 0 0 1 8 0 0 0 0 63 0 2 1 5 1 1 13 3 0 59 80 14 1 20 6 43 59 3 5 105 5 2 0 4 17 18 3 1 0 127 0 0 0 0 9 4 3 2 0 20 0 28 2 5 232 1 7 0 4 3 12 9 0 51 8 3 3 39 3
0 15 23 0 9 12 5 0 0 22 31 4 61 22 3 0 15 101 16 0 0 5 0 0 61 19 12 2 0 0 0 0 0 28 225 1 4 5 4 1 0 0 0 0 1 4 0 1 0 0 26 0 0 2 5 17 0 1 1 1 72 84 17 1 17 0 6 47 11 17 88 0 0 0 6 27 6 3 0 0 77 0 0 0 0 47 10 4 4 2 18 0 24 4 0 250 0 4 0 4 2 6 19 2 34 9 5 9 32 6
0 10 12 2 10 20 4 1 0 32 12 43 89 31 1 1 9 135 13 0 0 7 1 3 8 0 0 8 6 6 0 0 0 19 168 5 2 26 12 0 0 1 0 0 3 6 0 0 2 0 33 0 0 1 5 3 1 3 4 0 49 126 16 1 18 4 37 52 20 1 92 0 1 0 4 15 6 5 0 0 69 0 0 0 0 12 5 1 3 0 15 0 28 0 4 251 3 6 1 2 4 20 29 3 27 9 7 0 24 1
0 19 6 4 5 18 2 0 0 26 29 6 64 35 0 1 27 137 30 0 0 12 2 2 58 13 13 1 0 0 0 0 0 31 214 2 0 8 3 0 0 0 0 0 0 1 0 0 0 3 15 0 0 0 1 9 0 0 1 1 39 99 17 1 18 0 4 35 16 17 94 0 1 0 6 35 3 4 0 0 51 0 0 0 0 55 10 10 6 0 23 0 28 6 1 274 2 13 0 0 2 4 33 0 26 5 3 4 19 2
0 12 7 2 10 21 8 1 0 51 8 25 87 27 1 1 14 128 13 0 2 4 6 2 5 2 0 0 0 0 0 0 0 29 172 3 5 15 5 0 0 3 0 0 2 4 0 0 1 0 30 0 2 1 8 1 0 4 5 1 66 111 17 1 30 0 28 37 10 0 93 0 0 14 2 0 5 5 0 0 64 0 0 0 0 17 18 7 5 1 17 1 31 4 14 310 2 11 1 7 6 24 17 0 37 9 6 7 26 2
0 2 12 1 7 26 7 0 0 7 7 14 33 20 0 0 12 58 5 0 0 4 3 2 10 2 2 0 0 0 0 1 0 32 189 3 1 17 0 1 0 0 0 0 0 5 0 0 1 0 44 0 0 1 2 3 1 6 12 1 65 106 16 1 19 4 0 66 2 2 120 0 1 4 4 4 6 6 0 1 75 0 0 0 0 14 7 4 2 2 14 0 24 8 2 245 1 9 1 7 5 26 23 0 64 6 7 9 42 0
0 6 3 2 5 17 8 0 0 38 29 21 88 15 0 3 10 121 15 0 0 2 5 1 15 1 9 0 1 0 0 0 0 9 182 15 0 9 8 0 0 0 0 0 0 3 0 0 0 0 47 1 1 0 8 2 0 1 7 0 52 99 17 1 14 6 59 52 19 17 77 0 0 0 0 3 2 4 0 0 66 0 0 0 0 30 10 3 16 0 20 0 23 3 0 238 1 9 1 1 2 6 21 0 41 1 2 5 23 0
0 9 15 4 8 15 8 2 0 14 15 55 90 21 0 1 16 120 5 0 0 1 4 1 44 13 21 0 0 0 0 0 1 16 192 9 0 13 2 1 0 1 0 0 0 5 0 0 2 0 32 0 0 3 8 2 0 6 1 0 48 91 15 1 17 4 58 48 6 19 58 0 0 0 28 14 9 3 0 0 76 0 0 0 0 29 2 1 2 0 28 0 19 1 1 252 0 7 0 0 5 11 12 3 30 3 5 5 26 2
0 6 7 5 8 8 3 0 0 6 7 53 69 20 0 0 12 95 6 0 0 1 3 4 10 4 2 0 1 1 0 3 1 47 222 8 5 19 1 2 0 0 0 1 0 3 0 0 0 0 35 0 0 1 2 2 2 2 4 0 59 79 14 1 10 0 58 84 6 32 101 0 0 17 0 0 3 5 0 0 64 0 0 0 0 13 5 4 12 1 13 0 21 13 5 225 1 4 0 6 3 9 9 2 33 2 2 1 28 2
0 4 6 0 8 13 7 0 0 37 41 10 89 17 1 5 8 126 14 0 0 6 7 1 12 0 5 1 1 1 0 1 0 11 160 7 2 15 5 1 0 0 0 0 0 5 0 0 1 0 39 1 0 0 6 3 2 1 10 0 72 105 15 1 13 6 55 41 20 37 71 0 0 0 2 4 12 1 0 0 64 0 0 0 0 40 4 4 15 1 31 0 16 5 3 256 0 5 1 2 2 10 24 2 26 2 1 4 15 0
0 10 21 3 9 30 2 1 0 16 9 5 31 12 0 1 8 54 9 0 1 3 3 0 51 13 22 0 4 0 0 0 1 47 267 4 0 9 8 0 0 0 0 0 1 1 0 1 0 0 28 0 0 0 3 5 2 1 3 0 43 63 14 1 15 0 84 47 12 21 64 0 3 0 10 34 3 1 1 1 68 0 0 0 0 20 5 6 6 2 22 0 29 1 13 250 0 2 0 0 5 12 16 1 41 4 8 2 35 0
0 15 12 1 10 25 11 1 0 11 10 12 34 17 3 2 8 57 6 0 2 1 2 2 23 2 0 3 8 0 0 13 0 25 262 3 1 14 1 0 0 0 0 0 0 4 0 0 0 0 46 0 3 3 1 4 1 11 11 1 37 50 13 1 19 8 59 54 9 6 97 0 11 0 10 20 7 2 0 0 89 0 0 0 0 9 3 3 1 1 23 0 24 5 4 221 0 1 0 4 3 8 8 3 39 8 5 2 31 3
0 19 16 3 11 31 5 1 0 6 9 32 50 29 0 3 12 83 4 0 1 0 4 1 4 0 4 0 3 1 0 0 1 8 183 5 0 13 4 0 0 0 0 0 0 3 0 0 2 0 51 0 0 4 2 0 2 6 7 0 53 91 17 1 18 0 34 47 6 20 85 1 1 0 0 7 1 1 0 0 97 0 0 0 0 30 1 1 1 0 50 0 30 0 3 268 0 7 0 6 3 10 12 2 40 12 2 0 25 6
0 4 4 2 5 21 10 0 0 34 31 19 84 19 0 3 15 129 21 0 0 1 7 0 17 2 10 0 2 0 0 0 0 2 183 16 0 11 9 0 0 0 0 0 0 4 0 0 0 0 49 1 0 0 9 2 0 0 5 0 47 92 18 1 13 12 63 56 28 15 72 0 0 0 0 4 2 5 0 0 67 0 0 0 0 32 9 3 15 0 19 0 18 2 0 236 0 13 2 2 2 5 19 0 42 1 4 5 33 0
0 8 20 3 11 40 8 0 0 0 0 26 29 36 2 5 20 67 1 0 0 0 4 0 13 5 1 0 10 1 0 0 1 12 250 5 2 7 3 0 0 2 0 0 0 11 0 0 2 0 51 1 0 4 2 0 1 2 8 0 54 79 17 1 27 0 10 51 0 3 81 2 1 0 8 3 6 3 0 0 98 0 0 0 0 11 9 2 3 0 24 0 19 2 3 200 2 0 0 0 9 22 6 0 69 15 7 7 61 0
0 15 11 2 6 15 10 0 0 55 20 28 105 23 1 0 13 148 17 0 2 9 1 1 23 9 2 1 1 0 0 0 0 18 153 2 4 18 4 1 0 0 0 0 2 2 0 0 0 0 25 0 1 0 1 2 0 6 3 0 41 119 16 1 40 0 48 21 11 2 87 0 0 23 10 4 9 3 0 0 68 0 0 0 0 15 16 7 5 0 30 0 34 7 4 307 3 15 0 2 4 16 18 0 28 4 7 3 24 0
0 11 13 2 7 25 7 4 0 11 12 6 33 15 1 0 12 54 6 0 0 2 1 1 56 15 21 0 9 0 0 7 0 44 281 3 0 8 2 0 0 0 0 0 0 3 0 0 0 0 15 0 0 0 3 1 1 0 1 0 47 63 16 1 17 0 79 58 9 4 76 0 0 0 6 37 6 0 0 0 47 0 0 0 0 24 2 0 0 0 37 0 33 2 5 234 0 2 0 0 1 5 19 2 51 3 6 2 25 0
0 16 15 3 1 27 5 0 0 12 11 51 77 27 2 2 16 112 6 0 1 2 0 0 32 11 18 0 0 0 0 0 0 20 217 9 0 11 5 1 0 0 0 0 0 7 0 0 2 1 40 0 0 0 5 2 1 4 5 1 50 78 16 1 21 0 26 50 6 5 66 2 3 0 12 13 16 2 0 0 93 0 0 0 0 20 4 1 2 0 35 0 24 1 1 243 1 10 0 0 7 13 13 1 48 15 8 0 42 1
0 16 19 1 14 13 2 0 0 7 14 3 27 21 1 3 13 54 5 0 0 0 1 1 73 27 31 1 2 0 0 4 1 36 255 1 0 18 1 0 0 0 0 0 0 4 0 0 0 0 14 0 1 0 3 4 2 1 0 0 55 67 15 1 16 0 89 47 13 11 76 0 1 0 20 36 11 1 0 0 63 0 0 0 0 18 3 2 6 0 35 0 23 5 6 261 0 2 0 0 2 6 17 5 36 1 6 2 27 0
0 6 6 5 4 16 8 1 0 2 4 25 39 11 0 0 7 57 7 0 0 2 1 2 8 4 1 0 0 0 0 1 0 27 209 5 0 9 6 0 0 1 0 0 0 4 0 0 0 0 33 0 1 0 0 9 1 1 11 0 111 73 14 1 13 0 70 68 13 16 85 1 9 13 8 8 2 3 0 1 57 0 0 0 0 26 2 0 3 5 18 0 19 7 9 229 2 4 1 3 3 9 15 3 37 6 5 4 21 2
0 8 14 0 5 20 10 0 0 19 14 23 67 22 3 2 11 98 9 0 1 4 5 1 10 10 0 0 0 0 0 0 1 10 204 3 3 13 11 4 0 0 0 0 0 4 0 0 0 1 25 0 0 0 4 3 0 1 0 0 35 128 18 1 20 0 27 53 12 0 101 0 0 0 0 14 3 2 0 0 56 0 0 0 0 20 8 5 7 0 30 0 23 3 5 294 1 14 1 3 4 12 25 1 33 3 12 4 34 0
