0 0 8 1 7 7 32 0 0 47 66 11 124 11 0 0 5 147 12 0 1 4 2 1 1 1 0 0 2 2 0 0 0 7 99 2 0 18 26 0 0 0 0 0 0 1 0 0 0 0 20 0 0 0 3 0 0 0 3 0 47 151 20 1 8 0 0 110 29 10 78 1 0 0 0 3 0 0 0 0 29 0 0 0 0 67 34 5 10 0 28 0 18 2 0 254 1 8 0 1 26 35 51 1 36 8 4 6 18 0
0 1 4 0 8 7 37 1 0 49 47 16 112 15 0 1 9 159 27 0 5 5 2 0 8 0 0 5 3 3 0 1 1 9 113 1 2 18 7 0 1 0 0 0 1 0 0 0 0 2 28 0 0 0 3 0 0 0 3 0 44 98 16 1 6 1 2 121 48 24 46 0 0 0 0 5 0 1 0 1 36 0 0 0 0 77 12 6 6 0 19 0 24 1 1 231 0 18 0 2 10 29 34 11 23 1 0 5 13 3
0 2 6 2 2 11 15 2 0 22 9 2 38 17 0 2 5 73 15 0 1 6 19 0 8 4 1 0 8 0 0 7 0 16 194 0 2 28 17 0 0 0 0 0 0 0 0 0 0 0 53 1 0 2 4 4 0 0 10 0 45 98 16 1 6 4 0 130 38 33 26 1 9 0 12 7 0 1 0 0 67 0 0 0 0 60 38 1 3 0 13 0 21 1 1 251 0 7 0 1 1 7 37 11 44 8 0 6 18 3
0 0 4 1 1 6 26 1 0 48 30 2 81 18 0 3 10 120 17 0 1 7 2 0 3 0 1 0 17 2 0 0 2 8 114 4 0 11 14 0 0 0 0 0 1 3 0 0 0 1 23 0 0 0 1 1 2 0 6 0 45 106 17 1 6 4 0 173 34 10 44 0 2 0 0 0 0 2 1 0 31 0 0 0 0 83 16 6 9 0 38 0 24 1 0 253 4 17 0 1 8 25 34 12 25 5 2 6 24 2
0 0 7 1 2 5 30 0 0 50 31 10 91 21 0 1 10 133 18 0 0 5 0 0 4 0 1 3 9 4 0 2 0 11 116 2 1 21 3 0 0 1 0 0 0 2 0 0 0 0 36 0 0 0 0 2 0 1 0 0 43 104 17 1 6 5 2 139 35 33 46 0 0 0 0 5 0 1 0 0 47 0 0 0 0 94 8 2 10 0 28 0 27 4 2 251 1 12 0 3 6 18 25 10 18 2 1 2 15 7
0 1 11 2 2 11 29 1 0 36 29 4 72 17 1 0 8 119 28 0 0 11 5 0 1 1 0 0 7 6 0 2 2 9 139 2 1 22 15 0 0 0 0 0 2 1 0 1 0 0 27 0 0 0 4 1 1 0 4 0 34 95 17 1 7 10 0 121 40 13 41 0 2 0 0 4 0 1 0 0 52 0 0 0 0 76 16 4 3 0 17 0 20 0 1 256 2 6 0 2 7 25 31 1 47 7 3 4 19 0
0 3 2 2 6 10 8 0 0 40 27 8 84 19 0 2 6 121 17 0 1 2 3 2 4 2 0 2 12 2 0 0 0 4 136 0 0 24 12 1 0 0 0 0 0 1 0 0 0 0 47 0 0 0 4 1 0 0 6 0 54 128 17 1 8 2 2 131 17 19 51 0 8 0 0 3 0 2 0 3 62 0 0 0 0 75 14 10 6 0 21 0 33 0 1 264 3 20 1 1 3 16 26 10 19 5 3 4 17 1
0 3 6 2 8 11 23 0 0 13 3 6 28 14 0 1 10 51 7 0 1 1 19 0 11 0 0 7 51 21 0 11 0 20 274 0 2 33 15 0 0 1 0 0 0 6 0 1 1 0 71 0 0 0 3 1 2 1 18 0 46 103 17 1 13 0 12 88 23 6 60 0 4 0 0 5 1 2 0 0 85 0 0 0 0 33 8 5 4 0 8 0 17 4 0 241 3 11 1 6 10 20 16 3 39 10 1 3 15 1
0 1 7 4 0 15 35 1 0 52 18 2 81 12 0 1 9 113 17 0 1 3 5 0 6 4 0 1 8 0 0 2 0 16 150 0 2 24 13 0 0 0 0 0 2 1 0 0 0 0 49 0 0 0 5 2 0 0 8 0 62 101 17 1 5 2 0 117 65 32 41 0 0 0 4 0 0 0 0 0 61 0 0 0 0 59 5 2 8 2 23 0 13 4 2 214 1 9 1 1 1 14 30 21 26 6 5 3 16 9
0 1 6 0 0 25 7 0 0 17 0 9 31 23 1 2 15 60 5 0 0 0 20 0 12 2 2 6 47 27 0 4 3 16 258 1 0 27 18 1 0 0 0 0 0 3 0 1 0 0 64 0 4 0 4 4 0 1 25 0 50 112 16 1 13 2 22 90 11 14 75 0 0 0 0 5 2 3 1 2 84 0 0 0 0 35 12 5 6 2 6 0 15 9 0 233 5 7 2 9 15 35 17 1 12 1 1 1 5 0
0 4 13 1 9 23 11 0 0 27 10 2 45 37 0 0 16 91 9 0 0 4 17 4 20 5 6 2 9 1 0 4 0 14 240 1 1 30 7 0 0 2 0 0 0 3 0 4 0 1 87 0 1 0 4 2 0 1 7 1 47 84 16 1 17 15 15 75 12 8 75 0 3 0 0 5 2 1 2 0 111 0 0 0 0 31 15 7 3 0 14 0 7 7 3 259 8 5 0 6 15 27 14 1 30 11 4 1 16 7
0 5 6 1 9 24 14 0 0 34 3 12 61 22 0 2 14 86 3 0 0 1 18 0 10 0 0 8 45 22 0 14 2 18 260 0 0 25 8 0 0 0 1 0 4 0 0 3 1 1 72 0 0 2 5 0 1 2 12 0 59 87 17 1 18 12 6 82 3 4 80 2 4 0 2 5 4 0 1 0 92 0 0 0 0 24 16 9 9 0 5 1 12 5 2 230 2 7 0 4 7 22 8 4 24 3 0 1 10 2
0 1 9 4 4 9 30 2 0 46 30 11 94 18 0 0 12 129 15 1 0 5 3 1 4 1 0 1 0 0 0 0 3 7 107 1 1 18 10 0 1 0 0 0 0 1 0 0 2 0 25 0 0 1 4 0 0 1 1 0 35 97 16 1 6 12 3 144 43 16 44 0 0 0 1 7 0 1 0 3 52 0 0 0 0 82 14 1 9 0 24 0 23 0 0 225 4 6 0 0 8 16 33 11 38 2 1 5 24 5
0 0 4 0 1 5 53 1 0 64 87 4 156 10 0 0 7 173 7 0 1 1 3 0 4 1 0 0 3 1 0 1 2 3 95 0 0 13 41 0 0 0 0 0 0 1 0 0 0 1 13 0 0 0 3 0 0 0 1 0 53 149 20 1 9 9 6 102 23 9 99 0 0 0 0 9 0 0 0 0 21 0 0 0 0 33 41 0 5 0 11 0 10 0 0 222 0 3 0 1 40 41 47 4 14 1 0 0 4 3
0 1 4 1 4 11 29 1 0 35 60 1 97 27 0 1 19 135 10 0 0 2 1 0 5 4 0 1 5 3 0 0 1 7 112 5 0 15 25 0 0 0 0 0 0 3 0 0 0 0 20 0 0 0 3 1 0 0 2 0 55 110 17 2 9 4 0 127 49 27 80 1 0 0 0 2 0 0 0 1 33 0 0 0 0 53 17 3 6 0 24 0 17 0 0 212 2 5 0 0 15 24 32 2 18 3 2 2 17 5
0 1 4 0 0 1 46 0 0 51 88 0 140 6 0 0 2 150 4 0 1 0 2 0 2 1 1 0 1 0 0 0 2 1 72 0 0 13 40 0 0 0 0 0 0 2 0 0 0 1 12 0 0 0 0 0 0 0 3 0 60 166 20 1 9 1 4 110 11 12 112 0 2 0 0 3 0 0 0 0 17 0 0 0 0 39 45 2 4 0 8 0 14 0 0 231 0 7 0 0 40 49 49 4 41 2 2 6 19 5
0 0 3 0 1 2 63 0 0 62 93 7 163 11 0 2 7 181 7 0 0 3 0 0 6 3 0 0 0 0 0 0 1 3 76 0 0 7 46 0 1 0 0 0 0 0 0 0 0 0 6 0 0 0 1 0 0 0 1 0 46 163 21 1 9 4 0 109 22 2 94 0 1 0 0 2 0 1 0 0 11 0 0 0 0 49 48 3 5 0 18 0 16 1 0 255 2 8 0 0 42 51 54 3 11 1 2 4 10 0
0 0 10 0 2 3 42 0 0 57 51 8 117 20 0 2 14 151 14 1 2 3 0 1 4 1 0 1 8 3 0 0 0 10 100 3 0 11 23 0 0 1 0 0 0 2 0 0 0 0 20 0 0 0 3 0 2 0 3 0 50 134 18 1 7 0 0 117 43 13 66 0 1 0 0 0 0 0 0 1 31 0 0 0 0 72 30 6 10 0 35 0 18 0 1 237 0 14 0 0 21 29 47 7 27 4 11 1 21 1
0 0 13 1 7 11 10 2 0 16 3 2 26 32 0 2 11 60 1 0 0 1 17 1 8 3 4 0 16 0 0 3 3 18 227 1 3 34 9 0 1 0 2 0 1 1 0 2 1 0 71 0 1 1 4 4 0 3 7 0 54 95 15 1 18 7 55 68 10 7 62 0 9 0 6 4 0 3 0 1 92 0 0 0 0 30 22 6 6 1 10 0 15 6 10 265 1 9 0 1 10 26 22 3 13 4 2 0 12 5
0 1 5 7 6 9 41 0 0 60 65 7 132 14 0 2 9 160 14 0 0 10 0 1 1 1 0 0 4 1 0 0 0 4 89 2 0 13 17 1 1 0 0 0 0 0 0 0 0 0 19 0 0 0 2 0 0 0 3 0 45 138 18 1 6 0 0 151 30 12 65 0 0 0 0 0 1 1 0 1 37 0 0 0 0 79 24 1 8 0 27 0 21 0 0 236 2 11 1 0 19 28 41 10 12 2 3 1 10 5
0 3 4 0 0 19 15 1 0 18 41 20 82 17 0 3 8 112 10 0 0 3 24 1 15 8 2 2 2 0 0 2 5 21 198 0 9 11 5 0 0 0 0 0 0 1 0 0 0 0 24 0 0 0 1 5 1 3 9 1 42 83 17 1 15 26 5 42 21 43 82 24 14 0 6 20 0 0 0 2 41 0 0 0 0 35 3 4 7 0 43 1 27 5 4 313 5 9 0 0 24 34 32 7 70 3 1 5 35 3
0 1 14 2 6 16 2 0 0 14 3 8 27 23 0 0 15 56 4 0 0 2 32 4 17 2 0 13 43 26 0 8 1 15 310 0 0 29 15 0 0 0 0 0 2 2 0 0 0 0 91 0 2 2 2 2 0 1 14 1 49 67 16 1 17 22 6 80 11 2 60 1 34 0 0 5 0 1 0 8 121 0 0 0 0 25 6 5 3 0 10 1 8 6 0 217 2 12 1 4 11 22 4 6 19 5 1 1 13 0
0 2 9 0 11 13 23 0 0 33 9 6 60 27 0 2 19 98 9 0 1 1 21 0 15 9 2 1 7 1 0 1 0 18 199 2 0 18 10 0 0 1 0 0 0 2 0 0 0 0 76 0 0 0 3 3 1 0 9 1 48 75 16 1 11 12 4 103 17 11 49 1 3 0 0 3 0 1 0 2 91 0 0 0 0 36 12 3 1 2 15 4 19 3 5 262 5 11 2 3 11 27 24 4 36 6 3 3 23 7
0 3 5 2 9 9 17 3 0 40 11 7 64 23 0 3 15 104 16 0 2 7 10 2 7 4 1 0 15 0 0 2 0 11 158 0 1 33 12 0 0 0 0 0 1 4 0 0 0 0 60 0 0 0 5 4 0 0 6 0 51 102 17 1 7 0 0 114 32 40 33 0 2 0 10 0 0 2 0 1 74 0 0 0 0 52 25 10 8 0 19 0 36 2 2 278 0 17 0 7 2 9 37 20 29 5 2 1 20 11
0 3 13 0 5 11 22 0 0 40 28 4 74 22 0 4 9 122 21 0 3 5 0 2 3 2 1 0 12 3 0 2 0 5 110 4 0 11 6 0 0 0 0 0 0 3 0 1 2 0 41 0 0 1 1 6 0 0 1 0 59 104 17 1 7 1 2 117 37 28 56 0 0 0 0 1 0 1 0 0 59 0 0 0 0 103 17 7 11 1 24 2 29 3 0 265 1 14 1 1 2 19 25 9 27 2 6 4 26 1
0 3 7 0 3 5 40 0 0 59 58 1 119 19 0 3 7 149 10 0 6 3 2 1 2 0 1 0 19 11 0 0 0 2 102 0 0 5 26 0 0 0 0 0 0 0 0 0 0 0 16 0 0 0 1 0 1 1 0 0 57 121 18 1 6 0 0 164 20 12 64 0 6 0 0 0 0 0 0 1 28 0 0 0 0 65 26 3 7 0 35 0 24 0 1 233 2 3 1 0 23 30 30 8 29 3 2 4 13 1
0 1 6 1 1 11 59 0 0 56 63 0 119 13 1 1 6 151 19 0 0 10 2 0 4 4 0 0 2 2 0 2 2 9 86 0 0 11 25 0 0 0 0 0 0 2 0 0 2 0 16 0 0 1 0 1 0 0 0 0 40 128 18 1 6 4 0 134 38 10 66 0 0 0 0 1 0 1 0 0 26 0 0 0 0 82 23 1 6 1 31 0 45 1 0 267 3 12 0 1 18 27 40 10 10 2 3 7 12 4
0 5 6 1 13 16 15 0 0 44 20 5 77 20 0 5 7 115 14 0 0 5 17 0 6 1 0 0 9 3 0 1 0 8 108 1 2 22 7 1 0 0 0 0 1 2 0 0 3 1 35 0 0 1 8 1 0 1 1 0 45 145 17 1 8 0 0 123 25 20 57 0 4 0 0 2 0 1 0 0 50 0 0 0 0 68 26 11 7 0 21 0 34 1 3 275 2 19 0 1 1 15 23 4 32 2 1 16 31 1
