0 0 13 1 4 14 20 0 0 3 0 4 11 15 1 1 4 29 0 0 0 0 52 1 3 0 1 1 29 0 2 2 0 34 353 0 8 13 16 0 0 0 0 0 0 3 0 1 0 1 47 0 0 0 1 2 0 2 10 0 27 91 18 1 54 10 32 27 2 3 73 9 29 0 0 2 0 1 0 10 73 0 0 0 0 3 9 2 2 1 7 0 29 3 9 277 20 1 0 0 11 16 28 0 51 3 4 4 46 0
0 2 9 1 3 19 17 4 0 18 10 14 50 18 0 0 8 76 3 0 0 0 28 3 7 2 0 0 0 0 7 0 0 17 215 3 1 23 15 0 1 0 0 0 6 0 0 1 0 0 77 1 0 2 9 0 2 1 4 0 67 112 20 1 43 6 6 32 4 5 100 0 4 0 8 9 1 1 1 0 96 0 0 0 0 11 23 7 7 0 6 0 40 3 6 296 2 10 0 5 21 46 26 0 42 12 3 6 26 0
0 1 5 2 4 21 23 0 0 8 2 9 24 26 1 1 6 56 2 0 0 2 36 3 4 0 0 1 20 3 1 15 0 6 291 2 1 17 9 1 0 1 0 0 1 4 0 2 0 0 50 0 0 0 1 1 0 0 5 1 25 92 16 1 37 2 16 31 7 4 102 0 7 0 0 4 0 4 0 2 66 0 0 0 0 6 21 4 18 3 13 2 10 2 3 299 15 5 1 2 8 21 25 0 47 11 3 5 26 0
0 2 14 0 7 24 9 0 0 30 7 13 62 20 0 4 13 97 13 0 0 7 16 9 8 5 1 2 10 2 3 0 4 8 211 2 2 18 9 0 0 0 0 0 0 10 0 2 0 0 59 1 2 1 1 3 0 1 5 0 51 76 15 1 15 2 2 72 1 24 110 2 9 0 3 3 1 0 0 0 80 0 0 0 0 16 7 0 9 1 16 0 29 7 6 271 1 6 1 0 8 15 24 1 42 9 1 12 27 1
0 7 7 1 2 11 19 3 0 2 3 1 7 23 1 1 7 39 5 0 0 0 33 4 6 1 0 3 40 6 1 0 2 17 282 0 1 9 8 0 0 2 2 0 3 9 0 2 0 0 69 4 1 0 9 1 1 0 12 0 44 82 16 1 37 6 22 27 0 11 86 4 22 0 0 4 3 1 0 5 98 0 0 0 0 4 12 8 9 4 6 2 37 6 1 243 2 5 0 3 31 57 10 0 55 2 1 10 27 0
0 0 15 0 4 6 19 1 0 19 9 3 34 19 1 3 8 73 16 1 0 5 10 2 8 3 1 1 43 12 0 0 1 6 204 2 4 19 10 1 0 0 0 0 0 3 0 1 0 0 41 0 0 1 6 4 1 0 9 0 61 94 14 1 9 8 6 95 21 29 73 1 8 0 1 0 2 1 1 2 64 0 0 0 0 44 10 11 10 1 16 0 19 4 2 267 0 15 0 1 1 12 17 2 42 7 4 6 17 5
0 7 11 2 7 17 15 1 0 16 19 19 57 22 0 3 8 90 8 0 0 4 30 1 3 1 0 0 19 1 0 4 0 27 235 3 2 18 8 3 0 2 1 0 0 1 0 0 2 1 56 0 3 1 3 1 1 3 4 0 56 90 15 1 22 2 35 53 7 11 67 1 12 0 10 5 7 1 0 0 91 0 0 0 0 11 11 2 4 0 26 0 26 5 5 278 5 9 1 1 7 24 20 1 33 8 3 3 20 1
0 9 28 1 4 13 14 0 0 67 11 12 94 27 0 0 16 129 5 0 0 3 12 1 4 0 0 2 0 0 0 0 0 3 150 4 0 20 6 0 0 0 0 0 0 4 0 0 0 0 51 0 0 0 6 0 2 1 4 0 60 93 19 1 22 10 29 47 6 8 91 0 4 0 10 12 5 3 0 0 97 0 0 0 0 26 14 9 7 0 20 0 18 0 1 295 2 17 0 1 5 22 18 1 39 8 0 8 35 0
0 2 11 0 1 25 12 0 0 5 6 4 17 25 1 0 12 50 5 0 0 2 44 3 1 0 1 0 1 0 1 1 2 18 280 4 2 18 8 0 1 0 0 0 2 5 0 2 0 1 65 0 0 2 3 1 1 2 26 0 56 75 16 1 38 20 16 36 3 3 78 4 18 0 2 2 1 4 0 2 89 0 0 0 0 8 12 7 7 0 11 0 17 9 1 266 3 4 0 4 16 36 13 1 39 6 1 5 20 1
0 0 10 5 4 14 29 2 0 21 7 4 36 23 0 3 13 66 6 1 0 2 18 2 1 0 0 0 18 0 0 4 1 14 239 2 0 22 12 0 0 0 0 0 0 3 0 1 0 0 47 0 0 0 2 5 1 0 4 0 72 88 17 1 22 4 6 51 9 7 99 0 2 0 2 6 0 0 1 1 64 0 0 0 0 16 8 12 6 2 19 1 14 4 1 278 1 30 2 1 5 23 17 0 52 14 2 6 23 0
0 1 2 4 3 19 25 0 0 12 2 8 30 23 0 0 7 62 4 0 0 0 40 7 0 0 0 0 2 0 0 0 1 10 211 1 1 25 7 0 0 3 1 0 1 12 0 1 4 0 64 0 3 2 5 0 2 0 11 0 64 96 17 1 43 6 17 32 4 0 92 3 18 0 9 12 3 1 3 1 84 0 0 0 0 11 20 7 8 0 6 0 31 10 2 278 2 9 1 0 25 49 19 1 37 9 4 3 24 0
0 1 12 1 3 11 7 0 0 17 1 16 34 21 0 1 7 62 7 0 0 3 45 4 6 0 1 0 3 0 0 18 0 17 281 1 1 17 13 0 0 2 0 0 2 7 0 1 0 0 67 0 5 0 7 6 0 0 6 1 50 75 17 1 41 4 31 28 3 10 101 6 12 0 3 10 1 2 3 5 97 0 0 0 0 3 19 7 7 2 6 2 32 5 7 336 4 16 1 7 31 64 17 0 40 10 3 6 24 0
0 5 14 4 7 12 10 1 0 41 12 8 70 13 1 0 7 89 6 0 0 3 10 1 7 1 2 1 1 0 0 1 3 6 177 5 3 14 11 0 0 0 1 0 1 4 0 2 0 1 50 0 0 0 15 2 2 4 1 0 68 91 16 1 33 0 43 33 8 3 108 2 2 0 8 52 8 2 1 0 84 0 0 0 0 25 8 2 4 0 21 0 24 11 1 269 3 10 1 3 10 21 17 0 43 3 7 2 32 0
0 0 18 0 2 18 23 0 0 0 1 9 13 23 0 0 11 52 4 0 0 2 40 10 20 15 2 2 13 7 0 2 0 6 307 2 0 12 5 0 0 2 0 0 0 3 0 0 0 0 52 1 1 0 5 0 0 2 3 0 55 54 17 1 33 4 38 44 1 3 99 4 13 0 0 4 1 2 0 3 78 0 0 0 0 4 5 5 4 3 4 1 27 2 0 242 6 8 0 0 24 34 10 0 64 0 3 11 31 0
0 7 10 2 5 19 7 0 0 22 9 19 66 22 0 4 13 107 18 0 0 3 4 2 7 1 0 1 0 0 0 0 0 4 149 3 1 21 4 0 0 0 0 0 0 9 0 0 6 1 63 0 0 3 5 0 4 0 0 0 68 116 17 1 10 6 2 110 4 13 72 2 2 0 0 3 1 1 0 1 88 0 0 0 0 27 14 1 4 0 13 0 31 2 3 237 0 19 0 3 4 16 24 1 49 7 3 10 26 1
0 7 6 3 6 15 7 0 0 20 16 9 51 21 0 0 12 81 6 0 0 5 30 4 2 0 0 0 8 0 0 2 2 7 248 0 0 8 7 0 0 3 0 0 3 26 0 0 0 4 72 0 0 0 7 0 0 0 4 0 61 101 20 1 32 2 0 48 3 1 60 1 7 0 0 6 0 1 0 3 92 0 0 0 0 11 30 14 6 0 9 1 36 2 1 309 0 11 0 5 22 56 14 2 31 1 0 7 33 2
