0 2 9 1 2 9 8 0 0 41 10 25 82 18 0 0 11 113 10 0 0 5 53 6 3 2 0 1 1 0 0 0 2 7 235 1 0 53 12 0 1 3 0 0 4 3 0 0 0 0 88 1 2 0 11 3 1 1 3 1 61 98 19 1 291 2 2 6 0 0 168 0 0 4 0 0 2 1 1 0 109 0 0 0 0 16 15 4 6 0 10 0 8 4 8 324 2 9 1 1 24 58 18 0 30 9 1 1 11 0
0 5 14 1 0 8 10 0 0 35 9 8 60 31 0 1 16 107 13 0 0 8 28 0 5 2 0 0 0 0 0 0 0 12 237 0 0 48 8 0 1 1 1 0 3 1 0 1 0 1 87 0 1 0 1 0 0 0 4 0 41 103 23 1 130 4 0 13 0 0 157 0 0 14 0 0 2 0 1 0 112 0 0 0 0 29 26 0 10 0 8 0 12 2 22 312 3 11 0 1 6 34 29 0 44 9 1 2 10 0
0 3 9 0 6 14 13 0 0 27 0 9 42 18 0 0 9 74 8 0 1 5 18 8 8 2 0 0 4 1 0 8 3 17 306 0 2 35 4 0 1 1 1 0 3 7 0 4 0 1 76 1 3 0 1 1 1 8 4 0 59 80 18 1 36 2 6 39 10 1 101 2 3 8 0 1 3 1 6 0 104 0 0 0 0 7 20 1 8 0 14 1 17 16 15 304 4 13 0 1 19 47 21 0 36 6 0 0 18 0
0 1 16 2 1 16 8 0 0 24 3 11 44 26 0 1 17 85 3 0 0 2 31 11 10 0 0 0 11 9 0 0 1 15 230 2 0 38 6 0 3 3 0 0 2 5 0 1 2 0 96 3 1 1 2 1 0 2 7 0 46 90 18 1 57 0 2 10 14 5 118 0 5 4 0 0 0 0 1 0 124 0 0 0 0 27 29 6 10 0 8 0 14 12 18 296 11 4 1 2 25 52 18 0 45 4 5 1 9 0
0 0 6 1 0 7 9 3 0 22 2 11 41 24 1 0 7 82 10 0 1 2 12 8 20 4 0 6 6 2 0 2 2 14 250 1 1 33 8 1 1 2 0 0 5 3 0 3 0 0 59 0 4 0 1 1 0 2 11 0 52 122 17 1 32 0 14 32 18 0 99 0 2 10 0 0 0 1 2 0 75 0 0 0 0 22 12 2 11 1 17 0 28 6 14 281 2 7 0 2 7 35 26 0 37 7 1 1 20 0
0 1 1 1 2 3 12 0 0 29 6 9 51 39 0 5 10 113 20 0 0 6 14 2 7 1 2 0 0 0 0 0 0 36 240 0 1 28 12 0 1 1 0 0 1 3 0 1 1 0 65 0 4 1 2 13 1 2 2 0 67 54 17 1 31 26 2 18 23 5 110 1 10 6 0 0 4 1 0 0 80 0 0 0 0 29 24 2 5 0 19 2 7 5 23 286 6 17 2 0 4 44 9 0 20 3 1 0 13 0
0 1 6 2 1 14 5 1 0 45 5 17 72 30 0 0 15 125 21 0 1 16 10 2 14 1 0 6 2 1 1 3 3 13 226 1 2 35 11 0 0 1 0 0 7 8 0 2 1 0 55 1 2 0 1 23 2 0 3 1 75 96 16 1 28 28 6 22 25 8 86 3 9 6 2 0 1 3 0 0 71 0 0 0 0 42 12 3 5 0 15 0 17 8 10 257 4 20 1 1 7 35 18 0 27 6 0 1 8 0
0 0 11 2 3 12 6 0 0 17 5 6 33 17 0 1 6 57 5 0 0 2 22 1 30 8 0 1 4 3 0 0 2 13 295 5 1 41 6 0 1 0 0 0 1 4 0 4 0 0 71 1 0 0 1 3 1 2 5 0 30 87 16 1 31 14 16 19 24 9 75 1 6 29 0 2 2 5 0 0 93 0 0 0 0 27 14 2 10 1 25 1 15 3 3 272 6 10 0 0 3 16 27 0 45 8 0 2 12 0
0 0 14 3 0 7 12 0 0 54 12 12 81 27 0 0 19 121 9 0 0 9 45 6 0 0 0 0 0 0 0 0 1 25 206 2 0 42 18 0 0 3 0 0 3 1 0 2 0 2 94 0 1 1 4 0 0 0 2 0 46 111 26 1 104 2 0 17 0 0 159 0 0 18 0 0 3 2 2 0 120 0 0 0 0 40 13 5 5 0 4 0 17 5 48 372 3 10 0 1 6 42 34 0 43 9 0 0 10 0
0 3 14 0 2 23 8 2 0 13 1 13 33 17 0 1 7 57 3 0 0 1 18 7 14 4 1 1 4 2 0 1 6 18 249 2 1 32 17 0 0 4 0 0 3 5 0 2 0 0 78 0 6 0 4 1 1 3 5 1 62 87 16 1 34 2 14 36 11 0 98 0 4 4 0 0 3 1 2 1 108 0 0 0 0 10 16 5 8 1 9 0 15 5 8 280 8 14 1 0 13 34 24 0 35 7 0 2 20 0
0 1 15 1 5 12 10 0 0 29 9 6 49 30 0 2 12 97 16 0 0 12 15 17 1 1 0 0 3 0 0 4 1 21 230 6 0 31 7 0 0 2 0 0 3 4 0 1 0 1 84 1 0 0 4 1 0 2 5 1 69 104 19 1 534 4 0 3 0 0 154 0 0 3 0 0 2 2 2 0 109 0 0 0 0 23 14 2 5 0 9 2 7 4 20 252 6 13 0 0 13 43 20 0 35 12 1 0 12 0
0 3 0 1 2 15 10 0 0 30 21 21 80 30 0 0 10 123 10 0 1 8 3 9 31 0 0 5 1 0 0 0 3 13 171 1 1 27 19 0 0 6 0 0 3 2 0 1 0 1 46 0 1 0 1 0 0 0 0 0 51 128 19 1 35 2 2 18 16 11 93 0 1 23 0 0 0 5 3 0 59 0 0 0 0 18 27 4 10 2 23 0 9 1 20 299 2 20 0 0 2 47 40 4 59 7 8 0 16 0
0 1 9 2 3 13 14 0 0 57 20 22 110 21 0 0 11 143 12 0 0 5 15 4 9 1 2 1 3 1 5 2 1 13 206 0 1 31 22 0 0 3 1 2 2 7 0 0 0 0 71 0 0 1 4 0 1 3 0 0 48 96 18 1 37 6 4 28 14 3 112 1 0 6 0 0 5 9 1 0 99 0 0 0 0 26 18 14 12 0 7 0 25 0 8 286 4 17 2 0 1 58 28 0 37 10 0 1 9 0
0 1 7 0 1 10 18 0 0 23 6 13 48 34 0 1 17 107 19 0 5 7 21 3 23 9 0 0 3 3 0 3 0 33 257 1 0 52 17 1 1 1 0 0 2 5 0 0 0 0 38 0 10 0 1 2 2 0 3 0 29 77 18 1 18 38 0 51 30 2 75 0 9 24 0 0 0 0 2 0 60 0 0 0 0 36 10 0 2 0 10 0 5 6 17 256 3 7 0 0 5 23 20 0 41 13 1 1 25 0
0 0 3 0 2 18 11 1 0 23 6 5 44 22 1 1 12 88 13 0 0 6 24 1 13 4 0 3 4 2 0 0 1 24 244 2 2 44 13 0 0 2 1 0 0 6 0 2 0 0 57 2 8 1 0 4 0 1 3 0 42 108 17 1 22 28 0 37 27 2 91 3 3 11 0 0 0 0 0 1 72 0 0 0 0 39 12 2 5 0 13 1 9 4 13 273 4 11 1 2 4 16 20 1 26 7 2 0 7 0
0 1 2 0 4 8 16 0 0 22 7 15 51 25 0 1 13 98 19 0 0 12 16 6 42 5 1 1 8 5 0 3 0 28 272 0 0 35 11 1 0 0 0 0 1 2 0 0 0 1 46 0 0 0 4 3 1 0 3 2 38 102 17 1 35 10 4 22 23 0 90 0 0 26 2 0 0 1 1 0 52 0 0 0 0 39 13 0 12 0 8 1 22 2 23 294 8 21 0 0 7 23 33 1 40 13 1 1 23 2
0 1 6 0 1 7 7 0 0 38 5 14 66 19 1 0 13 100 10 0 0 6 15 5 27 8 0 4 5 4 0 0 1 26 246 1 1 44 6 1 4 0 2 0 1 3 0 0 0 0 62 0 1 0 1 4 0 0 5 0 46 110 18 1 59 0 4 11 15 1 127 0 2 19 0 0 0 3 3 0 81 0 0 0 0 34 10 2 13 0 6 0 27 3 19 287 5 10 0 1 11 38 24 0 43 6 1 1 24 0
0 9 15 2 3 31 13 1 0 20 5 9 42 25 1 1 12 95 13 0 1 7 69 3 4 0 0 0 1 0 0 0 3 10 313 4 0 21 11 0 0 8 0 0 3 3 0 7 2 0 109 1 4 2 9 3 0 4 9 0 57 91 22 1 70 0 6 16 15 0 162 0 0 11 0 3 4 2 7 2 157 0 0 0 0 10 18 5 5 0 6 2 14 6 19 378 1 32 2 7 37 80 24 0 50 10 1 1 21 0
0 0 11 0 3 8 17 1 0 28 13 15 64 15 0 0 5 91 9 0 1 2 11 2 15 12 0 1 2 0 0 0 2 20 255 2 0 32 8 0 0 2 0 0 0 4 0 3 0 0 51 1 12 2 2 5 2 3 8 1 33 75 16 1 24 28 0 39 19 5 100 2 8 3 0 0 2 1 1 1 82 0 0 0 0 24 17 1 5 0 7 0 12 5 9 247 8 11 0 0 8 36 15 0 42 9 0 2 20 0
0 0 10 1 2 12 7 1 0 20 1 11 36 27 0 2 10 76 8 0 1 4 30 2 10 6 1 0 1 0 0 0 0 11 308 5 4 42 9 0 0 0 0 0 1 6 0 3 1 0 67 0 1 2 1 2 0 0 3 1 31 82 16 1 35 10 8 26 13 9 103 0 16 10 2 1 1 1 0 1 84 0 0 0 0 11 13 5 7 1 22 1 6 10 4 269 9 14 2 3 5 27 13 0 39 12 1 0 11 0
0 1 11 0 3 31 14 0 0 38 23 8 72 33 0 2 18 122 13 0 0 6 9 7 11 10 0 0 1 0 0 0 6 3 157 0 1 36 18 0 1 2 3 0 3 4 0 2 0 2 57 0 0 2 0 3 0 0 4 0 51 111 19 1 27 6 8 20 27 11 73 3 5 21 0 0 0 2 0 0 74 0 0 0 0 24 21 7 5 0 11 0 13 3 18 320 4 19 0 1 11 46 39 0 62 4 2 2 13 0
0 0 5 4 0 18 4 0 0 20 2 6 32 39 0 0 8 81 4 0 0 2 18 2 22 3 2 8 2 0 0 2 2 22 280 1 0 45 12 0 0 1 0 0 7 5 0 0 1 1 65 0 0 1 5 15 0 1 4 0 53 96 17 1 29 12 14 42 8 4 72 4 13 9 0 0 4 1 6 0 86 0 0 0 0 10 17 1 4 2 8 1 5 12 6 258 8 6 4 1 17 52 19 0 32 6 0 3 15 0
0 1 8 1 1 10 7 0 0 38 30 9 82 23 0 0 9 117 12 0 2 9 1 1 40 1 0 0 2 0 0 0 0 20 198 0 2 29 10 0 0 6 0 0 0 0 0 0 0 3 36 0 0 0 0 0 0 0 0 0 56 139 20 1 28 2 6 26 25 6 81 1 2 40 0 0 0 1 0 0 47 0 0 0 0 27 25 4 8 0 9 0 16 1 23 288 4 27 2 0 2 31 44 2 70 6 7 0 9 0
0 0 6 2 3 18 11 1 0 31 32 11 83 24 0 1 20 129 18 0 0 8 14 7 33 3 0 2 2 1 0 1 0 25 230 4 3 31 10 0 2 0 0 0 4 3 0 0 0 0 58 1 1 0 4 3 0 0 8 0 41 107 17 1 44 6 6 18 16 3 129 0 2 23 2 0 0 2 2 0 74 0 0 0 0 38 9 5 13 0 9 0 22 3 30 294 8 7 1 0 4 39 24 1 26 8 2 3 16 0
0 1 14 0 1 21 12 0 0 59 13 11 99 18 0 1 10 141 19 0 1 9 23 2 0 0 0 0 0 0 0 0 0 33 239 2 0 39 4 0 1 0 0 0 3 8 0 1 0 0 49 0 0 1 4 0 0 0 3 1 56 130 25 1 177 0 0 10 0 0 183 0 0 6 0 0 4 10 0 0 80 0 0 0 0 26 28 3 8 0 14 1 12 2 38 356 6 13 0 1 7 27 26 0 45 6 1 0 13 0
0 6 8 1 0 24 9 0 0 23 1 9 40 19 0 1 7 73 8 0 1 6 15 1 15 1 0 5 8 2 1 0 5 9 278 0 0 34 13 0 0 2 1 1 5 8 0 1 5 0 63 0 5 2 1 3 2 0 3 1 32 90 16 1 22 12 10 58 14 1 80 3 7 5 0 0 1 1 5 0 92 0 0 0 0 14 15 5 9 0 6 2 12 12 6 268 4 10 4 1 15 45 17 0 29 13 0 2 8 0
0 0 7 0 1 16 4 0 0 31 2 19 62 34 0 0 22 110 8 0 0 7 21 4 16 1 0 6 0 0 0 0 1 10 245 1 0 42 12 0 0 1 0 0 3 2 0 3 0 0 82 1 3 1 2 1 2 1 4 0 51 82 18 1 72 0 2 9 8 6 145 0 3 5 2 0 0 3 2 0 99 0 0 0 0 23 26 5 14 1 7 4 20 6 12 303 8 4 1 2 18 45 22 0 50 8 3 1 19 0
0 0 12 0 4 24 15 0 0 52 16 9 80 25 0 0 14 123 12 0 0 6 29 3 0 0 0 0 1 1 0 0 2 22 289 1 0 70 12 0 0 1 1 1 1 4 0 2 1 0 104 0 0 0 5 0 0 3 9 1 44 118 27 1 180 0 0 11 0 0 188 0 0 5 0 0 2 2 1 0 122 0 0 0 0 52 16 3 3 0 11 0 22 5 29 355 9 4 0 0 14 40 26 2 45 21 2 0 10 0
0 1 6 1 0 10 9 0 0 50 12 6 76 24 0 3 10 118 11 0 0 7 24 3 0 0 0 0 0 0 0 0 0 28 245 2 0 36 3 0 0 5 0 0 0 1 0 0 0 1 47 0 0 1 2 1 0 0 0 0 55 98 23 1 111 2 0 15 0 0 157 0 0 14 0 0 3 7 2 0 68 0 0 0 0 27 15 0 6 0 17 6 8 2 41 303 2 8 0 0 10 43 21 0 40 16 0 1 9 0
0 0 24 0 2 15 9 0 0 14 9 4 30 26 0 1 5 63 5 0 0 3 31 2 21 1 2 6 11 3 1 7 5 21 269 1 2 20 10 0 0 0 0 0 1 4 0 1 0 0 55 0 3 0 5 5 4 1 12 2 61 74 16 1 31 18 14 43 5 4 123 1 12 4 0 0 4 0 0 2 88 0 0 0 0 22 11 5 1 0 5 1 14 16 18 254 15 3 2 11 15 38 11 0 36 8 0 2 19 0
0 3 5 1 0 14 16 0 0 19 6 9 42 25 0 1 13 75 5 0 0 5 34 4 19 4 0 2 14 10 1 1 1 9 304 0 0 39 4 0 3 2 0 0 2 1 0 1 0 0 74 0 1 0 4 0 0 3 3 0 40 77 17 1 57 8 0 20 6 4 126 6 3 6 0 1 0 0 3 1 92 0 0 0 0 7 28 3 4 2 2 1 15 5 17 260 10 4 2 1 28 47 19 0 56 6 5 0 26 0
0 0 14 3 0 16 18 0 0 22 8 5 36 17 0 0 6 70 15 0 0 5 14 0 37 7 0 0 5 3 0 0 2 8 275 2 1 44 7 2 1 3 0 0 2 5 0 2 0 1 49 0 3 0 3 0 0 0 6 0 19 107 19 1 28 16 10 21 29 7 74 0 5 34 0 0 0 0 2 0 74 0 0 0 0 38 11 3 9 0 12 0 7 5 12 263 11 12 0 0 3 36 20 0 27 7 4 1 14 0
0 2 7 1 3 17 23 2 0 16 3 11 35 20 0 4 8 56 1 0 0 0 35 1 18 1 2 0 15 5 2 6 0 10 297 2 0 42 8 0 1 1 0 0 2 1 0 0 0 0 58 0 1 0 3 4 0 2 2 0 46 91 17 1 30 26 8 50 5 2 97 6 0 15 0 0 1 1 2 0 74 0 0 0 0 14 18 12 0 1 6 4 16 7 4 258 9 13 0 3 8 25 9 0 69 6 5 1 51 0
0 1 2 2 1 17 11 0 0 24 11 5 45 22 0 3 6 78 8 0 0 4 18 4 10 2 0 3 0 0 0 0 0 6 268 3 1 30 9 0 0 1 0 0 4 9 0 2 0 0 86 1 0 0 5 1 0 2 4 1 50 92 17 1 28 6 12 41 14 4 72 1 12 6 0 0 2 1 2 1 99 0 0 0 0 22 26 1 15 0 10 0 9 14 2 278 5 14 2 2 20 42 18 0 34 4 2 3 19 1
0 0 10 1 4 13 24 1 0 46 10 13 78 26 0 1 12 111 6 0 0 4 14 3 16 6 0 0 2 2 0 1 1 13 151 0 1 22 11 0 0 3 1 0 2 4 0 2 0 0 55 0 6 0 1 5 0 0 5 0 54 119 18 1 46 10 10 16 5 13 90 11 1 20 0 0 0 0 1 0 73 0 0 0 0 12 44 2 10 0 37 0 16 1 20 343 6 19 2 1 12 38 36 1 53 6 3 3 23 0
0 1 9 0 0 15 15 1 0 10 0 4 20 15 0 0 3 41 2 0 0 2 55 7 4 2 0 1 3 0 0 0 5 11 321 1 2 20 21 0 0 3 0 0 0 6 0 6 0 0 64 2 4 0 4 1 0 2 11 1 42 69 18 1 23 0 0 45 31 0 61 0 12 5 0 0 0 2 3 1 86 0 0 0 0 9 12 12 7 1 11 8 13 6 10 318 4 9 1 1 23 43 12 0 34 3 2 0 13 0
0 3 4 2 1 20 11 1 0 50 8 8 79 32 0 1 19 128 10 0 0 3 30 7 1 0 0 0 1 1 0 0 0 2 258 4 3 29 8 0 0 0 1 0 1 11 0 4 3 0 99 1 0 1 3 1 0 1 8 0 64 117 21 1 199 2 2 9 1 0 164 0 0 6 0 2 4 2 2 0 118 0 0 0 0 15 48 3 9 2 22 3 26 3 7 356 5 22 1 1 20 48 27 0 59 26 1 0 17 0
0 2 7 2 2 23 6 0 0 25 46 12 98 28 0 2 13 148 18 1 0 11 13 8 7 4 0 0 0 0 0 2 0 4 109 0 1 44 17 0 0 6 2 2 5 3 0 1 0 1 58 0 2 0 0 1 1 0 7 0 53 142 18 1 27 2 0 10 13 33 102 2 8 9 1 0 0 4 1 0 76 0 0 0 0 17 40 2 4 0 25 0 12 2 5 341 2 13 2 0 5 58 38 0 36 4 7 1 21 1
0 3 10 2 1 12 12 0 0 24 4 4 39 34 0 0 14 87 7 0 0 3 46 4 6 0 1 3 3 1 0 3 1 14 276 3 1 23 7 0 0 3 1 0 0 5 0 3 0 0 81 0 6 1 5 1 1 0 5 1 62 70 18 1 59 0 2 25 6 0 91 1 6 9 0 0 0 0 3 1 107 0 0 0 0 5 12 17 7 0 8 3 22 6 14 336 9 7 3 0 23 39 20 0 44 9 5 1 24 0
0 1 8 0 1 13 12 0 0 5 4 17 28 20 0 2 8 54 3 0 0 0 48 1 22 5 0 0 11 5 0 6 2 8 339 0 0 54 9 0 0 1 2 0 3 6 0 3 3 1 71 0 0 2 4 0 1 0 12 1 24 65 17 1 28 8 2 49 8 3 68 11 11 6 0 1 2 1 0 2 87 0 0 0 0 10 19 3 5 0 5 4 7 3 6 254 6 5 0 2 19 36 18 0 60 3 3 1 37 0
0 0 14 0 0 22 11 1 0 29 3 12 50 12 0 2 3 73 2 0 0 2 57 15 7 3 1 2 5 3 1 0 0 10 252 0 0 21 4 0 0 0 0 0 2 6 0 2 0 0 120 2 2 0 11 1 0 0 12 0 70 52 17 1 50 4 0 29 1 3 126 0 6 5 0 0 1 4 4 0 148 0 0 0 0 3 11 5 2 2 6 0 16 1 6 270 6 10 0 0 19 45 4 1 30 8 3 1 12 0
0 1 16 0 2 11 11 1 0 28 6 6 49 28 0 1 11 94 7 0 1 3 31 6 8 3 0 0 4 2 0 1 3 11 253 0 0 40 5 0 0 3 0 0 2 6 0 5 0 0 66 1 0 0 2 3 0 3 3 0 56 97 17 1 45 8 10 35 1 0 115 0 6 12 0 0 3 0 4 1 92 0 0 0 0 9 8 2 6 1 6 1 15 5 15 272 6 4 0 1 7 28 18 0 34 5 1 0 19 0
0 2 5 0 4 20 12 0 0 36 2 6 47 20 0 2 9 76 2 0 0 0 50 3 3 3 0 0 7 2 0 0 3 14 258 2 1 19 11 0 0 5 0 0 1 4 0 2 1 0 92 1 6 2 1 3 1 2 4 0 41 93 18 1 28 0 0 41 20 0 79 0 0 11 0 1 0 1 2 0 111 0 0 0 0 5 18 15 0 1 9 2 4 5 9 290 6 12 2 0 12 32 24 0 45 7 3 2 22 0
0 3 1 0 0 25 11 0 0 47 4 22 83 24 0 0 11 122 8 0 0 5 39 1 2 1 0 0 0 0 0 1 0 14 255 4 0 35 3 0 0 4 2 1 2 3 0 2 0 0 90 2 0 1 1 1 0 0 6 0 41 99 23 1 258 4 4 7 0 0 177 0 0 7 0 0 2 1 0 0 100 0 0 0 0 14 15 5 11 0 14 1 5 3 26 318 8 15 1 0 15 34 18 0 57 23 0 2 19 0
0 4 2 10 4 18 6 0 0 27 6 13 51 31 0 1 7 112 26 0 2 12 8 3 28 1 0 3 3 2 0 0 2 16 247 1 0 21 8 1 1 2 0 0 5 9 0 1 1 0 60 0 3 0 4 16 1 1 8 0 52 85 16 1 26 20 6 26 25 7 82 0 5 23 4 0 1 1 0 0 83 0 0 0 0 37 17 0 12 1 13 1 11 8 18 249 3 10 0 0 10 36 15 0 24 11 2 0 8 0
0 0 2 1 1 13 9 1 0 44 17 27 105 17 0 3 12 147 22 2 1 5 18 1 23 5 0 0 3 3 0 0 1 23 190 0 4 33 13 0 1 1 0 0 3 3 0 2 1 2 64 0 0 1 2 0 0 0 5 0 31 96 18 1 44 4 0 12 22 1 128 0 0 21 0 0 1 0 0 0 70 0 0 0 0 41 16 5 11 1 13 0 23 4 24 312 4 12 0 0 5 29 23 0 29 6 0 2 15 0
0 0 18 0 3 18 20 0 0 33 7 4 50 18 0 3 9 75 6 0 0 3 25 1 12 2 0 5 6 0 0 0 0 22 245 2 1 50 12 1 0 2 0 0 3 2 0 1 0 0 48 0 2 0 3 3 0 0 12 0 27 99 19 1 20 0 0 35 47 0 28 0 1 17 0 0 2 6 3 1 81 0 0 0 0 39 9 13 11 2 11 3 7 4 29 349 14 6 0 0 10 34 26 0 41 2 1 2 12 0
0 0 6 1 1 16 10 0 0 22 32 12 74 25 0 0 11 114 11 0 3 5 3 8 14 6 0 0 3 0 0 5 0 13 153 0 3 31 8 0 0 5 0 0 3 0 0 4 0 0 62 0 4 0 2 4 0 0 4 0 66 130 19 1 39 0 0 14 19 6 97 0 1 18 0 0 0 2 5 0 80 0 0 0 0 23 30 14 6 4 22 0 10 2 16 324 2 4 0 2 3 46 37 2 46 2 5 1 13 0
0 1 4 5 0 21 12 0 0 48 14 11 78 26 0 3 15 122 11 0 0 7 6 4 34 16 1 0 0 0 0 3 2 21 215 0 2 38 10 0 1 4 0 1 4 5 0 0 1 0 48 1 2 1 2 1 1 0 8 0 40 88 17 1 52 4 2 14 13 2 136 0 0 11 0 0 0 0 2 0 66 0 0 0 0 46 18 4 16 0 11 0 21 2 13 286 2 14 0 0 4 34 22 1 29 6 6 2 22 0
0 2 13 2 3 9 11 0 0 44 10 6 63 19 0 3 8 96 12 0 1 9 17 9 9 4 1 3 1 0 0 2 1 27 235 4 0 46 14 2 0 0 0 0 1 4 0 0 0 0 66 0 0 1 4 2 0 0 4 1 57 132 19 1 162 8 0 10 0 0 140 0 0 17 0 0 1 0 0 0 87 0 0 0 0 34 7 3 6 1 6 0 13 3 37 291 6 10 1 2 5 17 23 0 45 13 0 0 10 0
0 5 5 1 3 17 12 0 0 48 13 11 80 30 0 1 12 125 9 0 0 5 17 3 4 1 0 0 3 1 0 3 2 11 197 1 0 25 9 0 0 3 0 0 1 10 0 3 1 0 70 0 6 1 1 5 0 2 13 0 31 99 18 1 25 6 0 16 20 25 96 0 6 8 0 0 0 2 0 0 90 0 0 0 0 7 39 1 6 0 14 1 21 4 7 290 1 9 0 3 13 35 25 0 31 13 4 0 16 0
0 0 12 1 1 14 3 0 0 31 32 20 90 27 0 1 18 140 13 0 3 8 6 11 14 4 0 0 0 0 0 0 3 18 170 0 2 32 8 0 0 1 0 0 1 7 0 1 2 2 55 1 6 1 0 1 0 0 3 0 51 130 18 1 30 2 8 14 28 9 101 0 4 14 0 0 0 0 2 0 78 0 0 0 0 17 45 0 1 2 19 0 13 3 17 294 2 13 0 2 9 43 37 1 45 4 5 1 15 2
0 0 4 6 2 14 5 1 0 24 5 12 43 28 0 2 13 86 12 1 0 2 14 1 34 4 0 1 2 1 0 2 2 10 253 2 0 36 2 0 2 1 1 0 3 5 0 3 0 0 49 0 0 0 2 2 0 0 2 0 38 129 16 1 27 34 24 39 17 1 76 0 4 35 0 2 1 1 1 0 64 0 0 0 0 30 18 1 9 0 10 1 11 4 4 272 10 10 0 0 6 36 32 0 23 9 2 2 13 1
0 1 11 0 1 16 7 0 0 28 6 7 47 25 0 5 13 93 14 0 1 9 45 2 0 0 0 0 1 0 0 0 0 20 257 1 0 41 17 1 1 7 0 0 5 2 0 1 0 2 110 0 6 0 8 1 0 0 10 1 56 88 22 1 307 4 0 6 0 0 174 0 0 2 0 0 2 0 5 0 138 0 0 0 0 17 8 4 6 0 8 1 9 5 21 328 7 19 0 1 24 60 29 0 47 8 1 1 22 0
0 3 15 1 4 16 10 0 0 46 7 9 74 34 0 3 15 122 10 0 0 4 32 2 3 0 0 1 2 1 0 2 1 4 264 0 0 40 7 0 0 1 3 0 3 3 0 4 0 0 92 0 0 1 1 0 0 1 7 0 26 91 20 1 96 2 0 17 2 0 151 0 4 4 0 3 1 1 1 0 116 0 0 0 0 17 24 5 3 0 16 1 10 7 7 314 5 12 0 1 15 43 27 0 54 21 1 0 21 0
0 2 7 4 4 19 10 0 0 56 29 9 97 27 1 1 16 139 7 0 0 4 16 5 24 0 0 0 1 1 0 2 1 25 195 1 0 36 17 0 0 0 2 0 4 4 0 1 0 0 66 0 0 0 1 0 0 1 3 0 38 119 18 1 38 4 0 24 16 1 128 0 1 23 0 0 2 1 1 0 83 0 0 0 0 30 27 10 9 1 10 0 16 6 13 294 3 27 0 1 5 35 23 1 27 6 5 2 22 0
0 0 14 0 0 5 20 0 0 51 28 10 96 17 0 1 7 129 7 0 0 5 18 5 25 3 0 3 4 4 0 0 2 16 253 4 2 37 5 0 0 2 2 0 0 2 0 2 0 0 83 1 1 0 2 4 0 0 4 0 47 93 22 1 68 0 0 6 18 0 132 0 0 21 0 0 0 0 7 0 106 0 0 0 0 37 5 8 6 0 5 0 27 3 22 261 6 20 0 0 16 45 18 0 29 7 0 0 14 0
0 0 6 4 0 5 4 1 0 27 17 6 52 30 0 0 16 108 17 0 2 6 7 1 44 2 0 1 3 1 0 0 4 30 237 0 0 34 13 0 0 0 0 0 2 2 0 0 2 1 39 0 3 1 3 14 0 3 4 0 52 98 17 1 25 32 20 19 26 12 86 0 13 35 0 0 3 1 5 0 62 0 0 0 0 45 7 2 16 3 12 0 9 4 21 286 1 15 0 3 3 19 22 0 15 3 3 3 14 0
0 1 9 3 1 14 13 0 0 28 9 12 52 22 0 0 7 83 8 0 1 3 28 6 5 1 0 0 4 1 0 1 2 23 273 1 0 33 23 0 1 3 1 0 0 8 0 2 3 0 70 0 1 1 1 1 1 0 6 0 37 80 19 1 22 0 0 31 45 0 38 0 0 18 0 0 0 2 3 0 92 0 0 0 0 26 16 10 12 0 12 3 14 4 27 317 7 3 4 0 16 45 19 0 50 8 3 1 17 0
0 2 21 0 1 14 13 0 0 55 19 9 85 23 0 0 16 127 12 0 0 10 21 1 1 0 0 0 1 0 0 0 1 22 236 0 0 34 9 0 0 1 0 0 1 0 0 1 0 1 62 1 0 0 0 0 0 0 3 0 22 81 24 1 77 4 0 21 0 0 139 0 0 18 0 0 0 3 1 0 90 0 0 0 0 38 18 5 12 1 9 0 20 4 41 330 4 10 0 1 10 30 20 0 41 5 2 0 19 0
0 1 6 6 3 14 5 0 0 27 13 22 69 35 0 0 13 120 11 0 2 5 7 5 20 8 3 0 0 0 0 0 0 6 144 1 2 26 13 0 0 2 0 0 5 0 0 0 0 1 52 0 4 0 0 9 0 0 3 0 55 131 18 1 35 2 0 16 17 10 92 1 5 18 0 0 0 6 1 0 76 0 0 0 0 31 17 2 10 2 10 0 17 1 13 302 5 12 1 0 3 41 39 1 65 5 9 1 31 0
0 0 13 1 1 16 11 0 0 27 1 12 46 21 0 1 9 76 5 0 0 5 18 1 8 3 0 3 1 0 0 2 0 28 276 2 5 47 8 0 0 1 0 0 1 5 0 5 0 0 67 1 18 1 2 1 0 2 6 0 38 78 18 1 28 32 0 44 11 0 91 2 7 5 0 0 2 1 0 0 104 0 0 0 0 16 15 2 1 0 8 0 9 9 11 251 7 6 0 1 10 43 10 0 30 7 0 0 8 0
0 0 12 4 1 7 16 1 0 26 8 11 46 19 0 0 11 85 17 0 0 11 20 1 3 1 0 0 4 2 0 1 2 26 257 4 0 48 8 0 0 2 1 0 2 4 0 6 0 1 48 0 3 0 2 0 0 0 4 0 16 94 21 1 73 0 0 22 0 0 142 0 0 23 0 0 3 0 1 0 71 0 0 0 0 45 19 3 10 0 17 0 23 5 48 349 1 3 0 2 4 27 23 0 44 9 1 5 8 0
0 0 8 5 2 15 5 0 0 42 22 11 81 38 0 3 9 138 15 0 0 12 12 1 6 1 0 0 1 0 0 0 1 29 228 1 0 38 16 0 1 3 0 0 1 5 0 3 0 0 68 0 2 0 0 18 2 0 7 1 60 59 18 1 26 6 4 39 13 7 104 0 0 3 0 0 3 1 2 1 91 0 0 0 0 20 9 1 11 0 24 1 14 4 19 289 1 11 0 3 9 40 8 0 29 10 0 0 10 0
0 1 2 0 0 5 10 0 0 29 1 9 48 10 1 0 4 73 9 0 0 0 16 1 23 5 0 0 7 4 0 5 15 8 325 1 0 70 6 1 0 0 0 0 1 1 0 0 2 0 62 0 2 0 2 3 1 1 3 0 14 82 18 1 20 20 12 59 19 1 80 10 7 4 0 0 0 0 0 0 68 0 0 0 0 8 20 6 10 0 7 1 11 8 3 289 9 4 0 0 12 29 17 0 41 0 5 5 33 0
0 0 9 0 0 10 9 0 0 13 3 11 31 24 1 1 10 68 8 0 0 1 33 1 6 0 0 0 11 9 0 1 12 8 309 0 1 31 10 1 1 2 0 0 4 4 0 0 0 0 68 3 0 1 8 2 0 1 9 1 31 79 16 1 32 16 6 32 16 7 86 5 10 8 0 0 0 1 5 1 91 0 0 0 0 22 22 1 6 1 8 1 28 11 8 302 6 14 2 1 8 34 25 1 48 5 1 1 9 0
0 1 12 0 2 13 11 0 0 40 6 8 57 30 0 2 16 105 12 0 1 7 63 1 2 1 0 0 7 1 0 0 2 26 213 2 0 49 25 0 0 2 0 0 0 3 0 1 0 0 53 2 1 0 4 0 0 0 5 0 33 107 20 1 71 0 0 19 3 0 89 2 0 9 0 0 0 0 1 0 70 0 0 0 0 25 10 14 10 1 14 3 32 3 31 388 8 6 0 1 11 36 45 0 36 10 2 0 10 0
0 0 10 0 0 18 7 0 0 56 23 8 91 23 0 1 14 138 13 0 0 10 19 5 2 0 0 2 0 0 2 1 0 30 231 0 0 36 3 0 0 0 0 0 1 3 0 0 1 0 40 0 0 0 3 5 0 0 2 0 62 106 23 1 95 0 0 17 0 0 140 0 0 17 0 0 3 1 1 0 55 0 0 0 0 33 22 3 12 0 9 5 9 3 49 306 2 15 0 2 7 24 22 0 46 10 1 0 6 0
0 2 5 0 1 19 28 5 0 34 3 6 47 26 0 2 13 85 10 0 0 6 31 0 3 1 0 2 3 2 0 0 2 30 289 2 3 21 17 0 0 4 0 0 1 1 0 5 0 0 61 0 2 0 3 1 1 0 5 0 20 95 19 1 27 0 0 34 29 0 51 0 2 6 0 0 2 1 4 1 78 0 0 0 0 25 20 9 14 1 14 3 17 3 29 346 5 12 1 1 11 36 27 0 41 7 1 1 9 0
0 1 11 2 2 10 13 0 0 34 17 13 65 32 1 2 16 117 15 0 0 12 33 0 1 1 0 0 0 0 0 0 0 18 249 1 1 33 18 0 0 1 0 0 8 1 0 0 2 2 78 0 1 1 3 0 2 0 5 0 56 131 24 1 153 4 0 12 0 0 179 0 0 16 0 0 1 6 0 0 101 0 0 0 0 40 15 1 1 0 10 0 10 4 32 330 7 13 0 1 12 54 38 0 48 10 1 0 15 0
0 1 9 0 2 28 7 0 0 67 17 20 110 29 0 0 20 156 10 0 0 9 38 1 4 3 0 0 1 0 0 0 3 3 197 5 3 32 9 0 0 3 1 2 1 3 0 2 6 0 91 1 1 4 1 0 0 3 11 0 29 98 21 1 354 0 0 5 0 0 146 0 0 4 0 0 2 1 1 0 112 0 0 0 0 20 19 5 9 1 16 1 9 3 8 304 8 15 2 3 16 52 14 0 40 18 0 0 12 0
0 1 19 2 1 12 17 1 0 45 10 14 74 31 0 1 23 120 12 0 0 5 12 14 5 1 1 1 4 0 0 1 2 25 254 0 1 58 18 0 0 1 0 0 1 10 0 0 0 2 92 0 0 0 7 0 0 0 5 0 85 122 23 1 210 6 0 9 0 0 156 0 0 21 0 0 2 0 3 0 119 0 0 0 0 36 13 3 6 1 8 2 11 6 38 339 2 14 1 5 8 37 33 0 59 9 0 1 17 0
0 0 9 3 1 20 2 0 0 34 16 20 76 23 0 1 16 121 19 0 0 6 30 2 14 1 0 5 2 2 0 1 0 17 223 1 0 37 15 0 0 0 0 1 4 2 0 0 1 3 73 1 0 1 6 0 0 0 3 0 28 89 18 1 52 6 0 11 19 1 135 0 0 9 2 0 0 1 2 0 90 0 0 0 0 32 25 1 11 0 7 2 14 4 15 307 2 19 0 6 8 34 16 2 40 16 3 3 29 0
0 1 7 3 0 9 12 0 0 23 15 8 54 23 0 2 12 96 9 0 0 2 17 0 24 10 0 1 19 16 0 4 0 25 258 6 0 33 15 0 0 0 0 0 2 3 0 0 0 3 50 0 6 0 4 5 0 0 6 0 38 92 20 1 25 32 0 24 27 7 89 0 0 21 0 0 0 6 0 0 73 0 0 0 0 42 8 1 11 0 3 0 11 0 10 252 5 9 0 0 3 16 23 0 30 13 3 0 18 0
0 1 7 0 2 17 12 0 0 26 1 7 43 36 0 0 16 91 7 0 0 3 9 1 5 2 0 0 1 1 0 3 0 25 219 5 2 51 16 0 0 2 0 0 1 1 0 1 0 0 58 0 19 0 3 9 0 0 4 0 61 90 19 1 23 19 0 34 22 2 96 4 4 6 0 0 0 1 3 0 91 0 0 0 0 28 13 1 3 0 6 0 9 4 6 253 10 11 1 2 9 35 16 0 52 8 0 1 21 0
0 2 3 1 3 21 5 1 0 21 3 10 48 24 0 4 11 87 9 1 0 4 10 3 16 2 2 0 6 3 0 0 3 13 270 1 0 19 10 0 0 1 0 0 2 10 0 2 1 1 81 1 0 2 1 5 1 1 6 0 24 89 16 1 24 20 8 52 11 2 100 0 6 7 0 0 1 1 2 0 95 0 0 0 0 18 30 0 4 0 10 0 9 7 10 242 6 4 2 1 6 39 30 0 35 4 1 0 13 0
0 1 19 0 1 25 9 0 0 20 2 6 32 24 0 0 12 63 3 0 0 1 40 5 0 0 0 0 0 0 0 0 4 11 264 2 1 32 4 1 0 3 0 0 0 7 0 0 0 3 102 2 0 0 5 1 1 2 9 0 52 94 22 1 447 0 0 4 0 0 186 0 0 6 0 0 4 1 3 2 135 0 0 0 0 21 15 3 7 0 2 4 9 6 20 309 4 14 0 3 23 51 23 0 37 7 2 0 16 0
