0 6 11 3 6 20 9 0 0 10 0 18 28 32 0 4 5 66 3 0 0 2 14 5 15 14 0 1 36 3 0 6 0 14 255 4 3 21 5 0 0 3 1 0 0 4 0 2 4 1 56 0 0 3 5 1 0 7 10 0 51 98 16 1 27 0 6 49 4 3 114 0 10 1 2 0 2 0 0 5 86 0 0 0 0 8 13 5 2 1 14 1 24 3 4 247 3 12 4 6 7 18 9 0 58 15 3 2 25 3
0 1 8 5 2 21 2 0 0 5 2 19 34 24 0 3 8 64 3 0 0 0 18 10 11 1 0 9 0 0 0 0 2 4 197 4 2 32 9 0 0 2 2 0 1 3 0 3 0 2 82 1 5 1 1 1 3 2 15 4 76 107 18 1 35 4 0 42 4 0 96 0 6 5 0 0 4 0 7 0 114 0 0 0 0 9 20 8 4 0 3 0 11 3 5 227 3 15 1 4 14 53 20 0 43 11 2 0 21 0
0 34 22 2 11 29 10 4 0 0 0 9 9 45 0 8 4 56 1 0 0 0 13 1 1 0 0 0 13 1 0 0 1 21 245 0 3 6 5 0 0 0 0 0 0 6 0 1 0 0 103 0 0 0 0 1 0 3 7 0 41 60 19 1 46 0 6 30 0 1 145 2 15 5 0 0 2 0 0 0 163 0 0 0 0 14 2 1 2 0 18 0 26 0 3 201 3 2 2 0 18 29 5 0 49 16 7 3 23 1
0 20 27 1 10 25 14 4 0 4 33 6 47 19 1 6 9 71 4 0 0 1 2 4 8 2 1 2 0 0 0 0 0 21 178 0 0 23 5 0 2 0 0 0 1 2 0 0 0 0 75 0 2 5 2 9 0 6 10 1 66 107 17 1 22 4 10 50 9 0 99 5 0 3 0 1 0 4 0 0 136 0 0 0 0 32 7 6 3 0 22 0 28 3 14 257 0 5 0 13 2 9 13 1 36 3 5 2 29 5
0 1 11 7 9 29 2 0 0 30 14 34 81 44 0 5 24 138 9 0 0 4 1 6 2 0 0 0 1 0 0 0 0 17 210 1 1 16 14 0 0 1 0 0 0 13 0 3 0 0 62 0 5 0 3 1 0 8 1 0 46 96 18 1 39 0 4 35 2 0 103 5 2 5 0 0 3 2 5 1 97 0 0 0 0 15 7 10 3 0 17 0 14 1 5 224 0 15 0 4 12 32 12 4 34 4 4 2 38 0
0 17 9 0 2 36 19 4 0 1 2 4 7 17 0 1 11 27 3 0 0 1 10 5 9 3 3 1 6 1 0 0 3 44 239 3 2 17 13 2 1 0 0 0 1 4 0 0 0 0 88 0 3 0 2 4 1 4 19 1 88 75 15 1 33 0 32 41 1 1 95 4 15 0 2 7 3 3 1 0 128 0 0 0 0 9 5 5 1 1 17 0 16 6 5 227 2 7 0 5 6 25 16 0 41 4 6 2 27 1
0 1 4 1 5 11 6 1 0 11 1 65 81 13 0 2 9 99 2 0 0 0 17 4 11 0 1 0 9 0 0 0 0 25 233 2 0 21 15 0 0 0 0 0 0 2 0 5 1 0 72 0 5 1 2 3 1 0 10 0 56 125 18 1 35 2 22 40 1 0 96 7 0 7 0 0 0 2 1 1 88 0 0 0 0 7 7 2 11 3 14 0 29 2 8 264 2 5 0 1 7 30 20 0 31 12 2 3 14 0
0 6 17 3 6 14 9 1 0 3 17 17 37 45 3 4 22 98 11 0 0 0 4 1 4 3 0 0 2 0 0 0 1 12 179 1 0 17 14 0 0 0 0 0 1 4 0 1 0 0 56 0 1 0 3 6 1 1 2 0 70 129 16 1 35 2 16 37 2 0 117 2 5 1 8 2 4 3 1 1 92 0 0 0 0 42 23 3 6 1 21 0 13 2 3 241 1 10 0 4 12 36 9 0 40 11 1 2 26 0
0 8 14 4 4 16 14 3 0 47 3 57 114 17 1 0 10 140 7 0 1 3 9 2 8 3 1 1 5 0 0 1 0 14 183 4 3 22 9 1 0 0 0 0 2 8 0 0 0 1 63 1 5 0 4 2 1 5 5 0 45 116 16 1 52 26 0 22 5 1 103 1 6 5 0 0 4 8 2 0 110 0 0 0 0 15 9 6 1 0 22 0 25 0 4 247 0 14 1 3 11 21 17 0 44 15 1 2 12 0
0 9 14 1 6 19 12 1 0 45 60 18 128 19 0 1 9 156 7 0 0 2 4 0 5 0 3 1 2 0 0 0 0 0 142 2 1 8 12 1 0 0 0 0 4 7 0 0 4 1 49 0 0 2 4 0 0 5 2 0 47 120 17 1 32 0 35 25 12 6 119 11 0 4 0 0 9 5 1 0 91 0 0 0 0 31 14 9 9 0 21 0 35 1 5 268 1 15 1 5 7 24 25 0 28 6 3 6 16 1
0 7 4 0 3 25 20 1 0 44 0 18 63 28 1 1 21 99 7 1 0 1 4 11 19 5 2 0 7 0 0 0 1 26 173 0 1 26 14 0 0 0 0 0 2 6 0 2 0 1 71 0 2 0 5 7 0 2 7 0 51 117 16 1 27 16 12 44 5 3 104 8 0 1 0 1 0 1 4 0 89 0 0 0 0 21 12 8 5 1 15 0 26 4 12 261 3 17 0 0 13 39 10 0 32 4 3 1 9 0
0 3 8 2 9 28 39 11 0 8 4 5 17 17 0 3 14 37 2 0 0 1 6 2 8 1 1 1 24 2 0 0 3 33 252 0 0 21 5 1 0 2 0 0 2 5 0 1 2 0 87 0 1 2 2 10 2 3 11 1 64 114 16 1 57 2 14 19 6 1 120 13 0 1 0 2 0 13 6 3 128 0 0 0 0 9 18 5 2 0 24 0 21 2 10 222 2 6 0 1 11 37 18 0 45 5 5 4 36 1
0 2 1 2 5 20 5 2 0 20 0 12 37 20 0 3 8 67 5 0 0 2 3 1 9 4 1 2 6 1 0 1 0 22 201 0 1 24 11 0 0 3 0 0 3 2 0 5 0 0 53 0 8 2 2 4 1 0 5 0 52 144 16 1 44 10 23 30 1 0 110 2 0 0 0 0 0 2 3 2 75 0 0 0 0 7 19 9 6 2 9 0 36 1 24 287 1 12 0 4 8 37 29 0 38 3 2 3 29 0
0 1 11 0 2 21 15 2 0 35 1 66 111 21 1 0 13 137 1 0 0 0 22 3 21 5 2 1 9 1 2 0 2 12 242 5 1 22 5 0 0 4 0 0 0 3 0 0 7 0 85 0 2 5 6 4 0 0 1 0 64 80 18 1 28 2 16 54 0 0 93 0 6 5 0 0 0 1 4 0 109 0 0 0 0 5 17 3 6 0 9 0 9 4 4 255 2 13 3 4 9 22 11 0 44 6 2 3 31 0
0 8 8 2 9 30 11 2 0 3 7 4 20 26 1 3 11 53 4 0 0 1 2 1 6 1 2 0 8 0 0 0 2 28 228 0 1 17 20 0 0 0 1 0 1 1 0 0 0 0 28 0 0 1 3 3 1 5 5 1 48 101 16 1 34 2 0 37 2 0 166 0 1 2 4 0 6 6 0 0 59 0 0 0 0 17 2 1 1 1 28 0 17 4 6 263 0 7 0 10 3 17 12 0 41 5 3 5 41 1
0 6 2 4 6 37 11 4 0 0 0 10 11 30 0 0 24 48 2 0 1 0 2 4 14 1 1 4 38 3 0 3 1 36 296 2 1 30 7 2 0 0 2 0 0 3 0 0 0 0 70 0 2 2 5 8 0 13 8 0 66 90 16 1 27 4 10 45 8 0 131 0 1 0 0 1 1 2 1 0 92 0 0 0 0 18 3 2 1 1 15 0 12 4 11 213 0 8 0 5 15 29 11 0 42 4 6 3 26 0
0 3 7 4 6 39 6 2 0 12 2 4 18 16 0 5 5 39 3 0 0 1 5 5 21 1 8 1 15 0 0 3 0 50 215 2 0 11 14 1 0 2 0 0 5 3 0 1 0 0 41 0 4 4 1 14 2 6 9 1 67 105 15 1 31 2 34 39 0 4 140 2 0 8 0 1 6 1 0 1 72 0 0 0 0 14 9 3 2 0 28 0 28 7 10 255 0 4 0 10 14 35 17 0 40 1 7 2 30 1
0 2 17 1 6 32 11 1 0 28 0 2 32 22 2 2 8 57 1 0 0 0 10 3 6 1 0 0 9 2 0 1 0 31 239 7 2 16 9 0 0 1 0 0 2 3 0 2 1 0 74 0 2 1 2 1 1 3 7 0 65 96 18 1 49 6 0 28 1 0 102 0 6 0 6 0 0 5 3 0 105 0 0 0 0 7 3 5 3 0 21 0 20 7 3 260 1 15 0 6 10 20 15 0 50 5 3 8 51 0
0 3 15 1 8 32 15 7 0 2 0 11 17 30 0 3 11 52 2 0 0 0 24 3 32 8 4 16 6 1 0 3 0 34 247 0 3 11 5 0 0 8 0 0 1 3 0 1 0 0 65 0 3 0 3 4 1 2 14 1 45 96 16 1 35 2 14 42 3 0 100 8 8 3 2 1 4 5 3 0 99 0 0 0 0 12 6 3 1 0 7 0 16 12 15 254 2 9 3 5 15 33 7 0 51 8 6 4 38 0
0 9 12 5 12 21 9 0 0 63 1 47 119 29 3 2 19 158 9 0 0 4 11 8 0 0 0 0 3 0 0 0 0 9 142 1 1 27 10 0 0 0 0 0 2 11 0 0 0 2 64 0 0 2 2 1 1 2 7 1 57 134 18 1 36 0 18 33 6 1 94 4 0 11 0 2 2 5 0 0 99 0 0 0 0 17 13 2 3 2 24 0 17 1 9 279 4 26 2 2 10 25 18 0 37 6 6 4 28 0
0 5 18 6 6 22 36 25 0 7 4 10 25 27 0 3 15 58 4 0 0 1 7 2 27 0 1 24 19 3 0 2 0 29 226 2 4 23 7 1 0 2 0 0 1 9 0 1 0 0 64 0 3 0 4 6 1 0 41 0 43 95 15 1 29 4 14 47 2 3 101 1 4 6 0 1 3 1 1 0 103 0 0 0 0 14 4 4 5 1 12 1 17 3 11 251 1 9 2 1 7 16 8 0 53 7 4 6 23 1
0 19 6 3 7 25 15 3 0 26 8 6 41 22 1 2 10 79 10 0 0 1 3 1 10 0 0 9 23 23 0 0 1 10 214 0 0 19 10 0 0 0 0 0 0 5 0 0 0 0 67 0 0 1 4 0 0 6 1 1 64 99 17 1 23 0 36 48 12 1 95 3 0 16 0 0 0 1 0 0 97 0 0 0 0 21 10 9 2 2 22 0 22 3 9 259 0 10 0 5 4 9 20 0 45 3 5 8 38 1
0 5 11 3 7 40 16 1 0 11 7 4 23 25 1 2 14 51 3 0 0 1 2 5 3 0 1 0 6 0 0 0 2 32 201 1 1 20 11 0 0 1 0 0 1 5 0 0 0 0 52 0 5 5 6 3 1 2 14 0 61 138 17 1 50 0 22 28 0 0 124 1 0 1 0 0 6 1 0 1 90 0 0 0 0 10 8 4 3 1 14 1 29 2 7 235 0 9 0 7 6 33 20 0 49 0 6 11 38 1
0 4 6 4 6 27 8 0 0 40 4 5 60 27 0 1 18 93 4 0 0 3 7 3 3 3 0 0 1 0 0 0 1 18 207 5 6 11 5 1 0 1 0 0 1 10 0 0 2 1 68 0 0 3 6 2 1 5 7 0 59 91 16 1 46 0 14 25 5 2 104 2 10 4 0 2 8 3 1 0 98 0 0 0 0 7 14 6 1 2 20 0 28 4 3 293 0 13 0 8 11 32 22 1 23 2 1 5 23 0
0 28 20 3 10 22 10 3 0 16 2 1 24 17 0 0 15 44 1 0 0 0 3 2 13 3 3 1 1 0 0 2 1 19 224 1 0 31 4 0 0 0 0 0 1 4 0 0 0 0 66 0 0 0 1 5 0 5 11 0 66 101 17 1 22 0 6 52 5 5 132 3 0 5 2 0 0 4 0 0 122 0 0 0 0 30 3 4 2 1 21 0 43 5 11 262 0 2 0 4 4 10 12 0 38 3 4 5 32 5
0 1 8 0 2 16 7 0 0 13 6 16 36 13 0 1 7 55 5 0 0 1 12 3 21 8 1 7 1 1 0 0 1 18 255 2 1 21 16 0 0 1 0 0 1 6 0 2 0 0 56 0 1 0 3 2 2 2 12 0 56 96 16 1 33 20 20 40 6 1 105 5 2 3 0 5 1 4 0 0 71 0 0 0 0 13 19 6 3 1 10 1 13 3 12 294 2 17 1 5 8 32 27 0 30 2 0 2 29 1
0 2 21 0 8 42 11 1 0 25 1 2 28 21 0 1 14 63 7 0 1 1 7 0 7 0 3 0 10 0 0 0 1 17 204 2 0 20 13 0 0 2 1 0 2 8 0 1 4 0 74 1 1 3 3 1 0 8 5 1 58 110 16 1 26 2 8 58 0 0 103 2 1 3 0 0 4 2 1 2 113 0 0 0 0 9 12 4 2 3 26 0 12 6 6 239 2 10 1 3 5 29 14 0 53 6 2 15 42 0
0 5 10 0 4 14 9 6 0 8 1 2 11 17 1 1 8 33 0 0 0 0 6 7 12 3 1 6 1 0 0 0 1 39 249 2 0 16 13 0 0 0 0 0 1 5 0 1 0 0 46 0 8 0 3 7 0 4 6 0 68 114 16 1 30 31 26 44 2 2 105 6 3 6 0 1 2 6 1 2 80 0 0 0 0 7 11 1 2 0 13 0 28 2 19 254 3 4 0 7 13 35 24 0 28 0 4 1 19 1
0 1 5 2 2 23 27 1 0 35 0 25 67 24 1 2 10 100 2 1 0 0 9 3 27 4 11 0 39 7 1 5 0 14 240 5 1 16 7 1 0 4 1 0 0 11 0 0 0 1 40 1 1 0 4 1 1 1 5 0 57 101 15 1 29 10 10 51 1 2 96 0 9 2 0 1 0 5 0 1 57 0 0 0 0 8 5 0 1 1 14 0 26 0 4 231 2 11 0 2 12 27 15 0 59 6 6 5 38 0
0 10 17 9 5 45 8 2 0 32 8 22 66 45 2 8 19 127 16 2 2 3 5 5 1 0 0 0 7 0 0 0 0 22 184 4 3 20 5 0 0 0 0 0 0 12 0 1 3 0 68 0 0 2 6 5 1 4 4 0 68 112 19 1 43 0 10 35 2 0 90 10 4 4 0 4 7 6 1 0 120 0 0 0 0 14 12 3 3 0 29 0 34 4 6 293 3 17 0 13 11 30 14 0 59 15 4 7 33 0
0 2 11 3 14 36 20 2 0 17 0 10 30 29 0 1 19 65 3 0 0 0 7 4 5 0 0 2 6 0 0 2 5 23 192 2 5 27 13 1 0 1 0 2 1 4 0 1 0 0 65 0 6 2 3 3 0 9 7 1 58 94 16 1 26 2 4 56 0 0 118 1 4 2 0 2 2 2 2 1 97 0 0 0 0 11 6 4 2 0 17 0 27 5 4 232 2 5 0 0 5 24 13 0 60 8 6 2 42 2
0 0 13 1 8 20 8 2 0 3 0 6 10 24 0 3 5 42 3 0 0 0 14 6 8 1 1 0 25 1 0 0 4 16 263 2 0 12 10 0 0 0 0 0 1 8 0 0 0 0 74 0 1 0 4 5 2 4 5 1 109 102 17 1 31 2 12 45 2 2 111 0 6 1 2 0 0 6 3 0 99 0 0 0 0 2 10 6 0 0 12 0 8 5 10 201 1 12 0 4 17 37 13 0 45 2 3 5 36 0
0 8 6 4 6 12 19 6 0 5 58 3 67 18 0 3 9 101 15 0 0 13 10 1 7 2 0 1 1 0 0 0 3 24 215 3 2 37 2 0 0 2 0 0 0 3 0 0 2 0 100 0 3 0 1 5 0 11 9 1 48 93 18 1 20 0 3 47 21 0 100 0 0 3 0 0 3 0 3 0 127 0 0 0 0 0 6 1 12 1 15 0 11 3 23 266 0 5 0 6 17 29 26 0 24 1 2 3 23 1
0 10 9 3 5 32 13 3 0 15 3 18 37 18 0 3 13 60 3 0 0 1 1 0 10 3 0 0 0 0 0 0 0 37 208 0 1 23 13 1 0 0 0 0 1 4 0 1 1 0 63 0 1 1 3 2 0 6 5 0 55 110 17 1 29 4 4 43 1 3 109 8 0 5 2 1 2 3 1 1 96 0 0 0 0 17 11 4 6 0 25 0 28 1 7 263 0 5 1 0 9 28 12 0 49 10 8 2 30 1
0 5 15 0 1 16 9 1 0 20 5 19 48 31 0 3 16 89 4 0 0 0 8 1 47 11 0 20 14 2 0 4 1 14 216 3 1 20 4 0 0 2 0 0 0 5 0 0 3 0 63 1 2 1 6 3 1 1 9 2 47 92 16 1 32 2 18 43 4 1 96 0 6 2 0 0 3 3 3 0 96 0 0 0 0 12 7 7 5 0 15 0 17 1 5 253 5 8 2 2 10 29 13 0 56 7 4 3 42 0
0 7 3 1 11 28 2 1 0 20 0 4 27 34 1 1 14 69 5 0 0 0 11 12 8 1 0 3 0 0 0 1 1 16 171 2 0 22 9 0 0 2 0 0 5 10 0 1 3 1 86 0 7 3 6 0 1 1 5 1 70 107 17 1 29 4 0 50 2 0 102 0 7 0 0 0 5 4 7 26 149 0 0 0 0 8 18 1 8 1 6 0 18 10 7 275 0 8 0 7 7 36 23 0 32 7 1 1 24 0
0 20 15 3 9 32 12 1 0 4 2 35 47 23 2 4 10 82 12 1 0 4 13 2 8 1 0 1 1 0 0 0 0 16 159 0 3 11 7 1 0 0 0 0 2 5 0 1 1 0 63 0 0 8 5 0 0 3 1 0 66 102 16 1 30 6 14 40 3 4 102 2 2 6 0 1 18 7 0 1 138 0 0 0 0 24 4 5 11 2 13 0 28 4 3 259 0 14 1 11 11 35 24 0 32 13 4 1 14 3
