0 0 0 0 5 16 20 1 0 0 0 0 0 7 0 0 1 11 0 0 0 0 101 2 2 0 0 0 19 0 7 2 8 7 396 0 1 1 0 0 0 0 0 0 0 4 0 0 0 0 26 0 0 1 8 0 0 0 8 0 60 34 23 1 49 48 30 24 1 0 40 7 55 13 0 2 0 0 1 0 28 0 0 0 0 0 2 7 1 4 0 1 16 0 4 254 4 2 10 0 29 31 4 0 68 0 1 0 14 0
0 1 0 1 8 18 31 3 0 1 0 0 5 10 0 1 0 16 0 0 0 0 81 0 4 1 0 1 1 0 12 0 0 12 361 1 0 1 8 0 0 0 0 0 0 5 0 0 0 0 27 0 0 0 13 0 0 0 29 0 56 32 22 1 44 36 8 42 0 0 61 5 44 11 0 0 3 0 0 3 35 0 0 0 0 0 3 10 3 1 1 0 24 0 8 278 14 1 5 1 19 34 8 0 45 0 1 2 18 0
0 0 0 0 3 7 0 0 0 0 0 0 1 19 0 0 2 26 2 0 0 0 105 40 0 0 0 0 4 0 0 0 4 1 241 0 0 6 4 0 0 0 0 0 0 0 0 0 0 0 44 0 0 0 5 0 0 0 42 0 54 21 21 1 76 38 8 20 0 0 65 15 39 2 0 0 0 0 1 4 49 0 0 0 0 0 3 14 1 3 0 3 7 0 0 262 3 0 2 0 25 27 3 0 38 0 1 0 17 0
0 0 0 0 4 26 19 1 0 0 0 0 3 13 0 1 3 20 0 0 0 0 41 0 3 1 0 0 2 0 0 0 0 16 317 0 0 2 5 0 0 0 0 0 0 6 0 0 0 0 42 0 0 0 7 0 0 0 13 0 45 41 24 1 40 58 8 42 0 0 73 7 36 5 0 0 3 0 0 2 47 0 0 0 0 0 20 6 0 5 0 5 65 0 0 286 7 1 4 2 20 37 14 0 43 0 4 13 25 0
0 0 0 3 5 23 15 0 0 0 0 1 3 2 0 0 1 8 0 0 0 0 40 0 0 0 0 0 4 0 0 25 0 4 291 0 1 0 5 0 0 0 0 1 0 2 0 1 0 0 27 0 0 2 4 0 0 0 13 0 22 29 21 1 26 56 8 49 3 3 36 11 14 18 0 3 0 0 1 2 36 0 0 0 0 0 4 6 1 0 1 0 18 0 1 200 12 2 4 0 8 21 3 0 48 0 0 2 21 0
0 0 0 1 5 34 16 0 0 0 0 0 5 9 0 0 3 16 0 0 0 0 26 0 6 0 6 0 6 0 16 0 0 10 287 0 3 1 0 5 0 0 0 0 0 4 0 0 0 1 26 0 0 0 5 4 0 0 7 0 20 23 19 1 33 56 41 33 0 0 24 8 16 13 0 8 0 0 0 4 37 0 0 0 0 0 1 3 1 2 3 1 34 0 3 270 10 0 10 1 20 23 2 0 35 0 2 2 25 0
0 0 0 0 1 30 0 0 0 0 0 0 1 16 0 0 1 20 0 0 0 0 99 4 1 0 0 0 2 0 0 0 3 11 374 0 0 1 4 0 0 1 0 0 0 3 0 1 0 0 43 0 0 0 7 0 0 0 6 0 36 20 28 1 50 46 0 36 0 0 60 3 46 3 0 0 2 0 0 6 51 0 0 0 0 0 1 13 9 2 0 3 12 0 0 286 7 0 3 0 25 35 1 0 65 0 1 0 42 0
0 9 6 0 11 19 2 0 0 0 0 1 2 12 0 0 0 20 0 0 0 0 88 0 1 0 0 0 5 0 1 0 0 0 336 0 0 17 7 0 0 0 0 0 0 3 0 2 0 0 44 0 0 0 8 1 0 0 2 0 61 25 26 1 86 46 24 22 0 0 60 6 24 4 0 0 0 0 11 6 76 0 0 0 0 0 1 14 0 1 4 0 11 0 1 275 4 10 4 4 39 62 8 0 56 0 3 0 31 0
0 0 0 0 0 20 18 2 0 0 0 0 2 8 0 0 0 14 0 0 0 0 79 1 9 1 1 0 12 1 12 3 1 11 417 0 0 0 0 0 0 0 0 0 0 5 0 1 1 0 32 0 0 0 6 0 0 0 26 0 24 18 26 1 69 109 4 27 0 0 42 17 34 13 0 0 0 0 2 2 36 0 0 0 0 0 6 3 2 1 0 4 15 0 2 262 11 2 2 0 19 21 5 0 54 0 0 0 17 0
0 0 0 0 10 26 16 0 0 0 0 0 2 16 0 0 0 20 0 0 0 0 74 2 2 0 0 0 3 0 1 0 2 19 354 0 0 0 2 0 0 0 0 0 0 10 0 3 0 0 31 0 1 2 10 1 0 1 9 0 31 21 21 1 32 18 16 41 0 1 54 1 33 11 1 0 0 1 2 5 42 0 0 0 0 0 4 11 1 1 1 3 33 0 2 329 3 2 11 1 19 25 5 0 79 1 1 4 32 0
0 0 0 0 4 22 4 1 0 0 0 0 0 5 0 0 0 21 0 0 0 0 53 18 9 0 9 0 6 0 5 0 3 10 339 0 2 0 2 0 0 0 0 0 0 0 0 1 0 0 18 0 0 0 9 2 0 3 19 0 65 23 20 1 100 54 10 17 0 0 44 24 62 6 0 0 0 0 3 10 31 0 0 0 0 0 6 13 0 1 0 0 20 1 6 196 5 2 4 0 19 33 14 0 55 0 4 3 24 0
0 2 4 0 4 4 1 0 0 1 0 0 2 9 0 0 2 18 0 0 0 0 111 6 1 0 0 0 4 0 0 0 2 3 362 2 0 8 0 0 0 0 0 0 0 1 0 4 0 0 55 0 0 0 24 0 0 0 7 0 75 26 23 1 87 18 6 22 0 0 86 8 45 3 0 0 1 0 1 4 67 0 0 0 0 0 2 3 14 3 2 3 9 1 0 338 2 0 12 1 41 42 9 0 31 0 3 0 11 0
0 0 0 0 4 15 3 0 0 0 0 0 1 9 0 2 2 17 5 0 0 2 76 5 0 0 0 0 0 0 6 0 5 12 382 0 1 4 1 0 0 0 0 0 0 4 0 2 0 0 43 0 2 0 3 0 0 0 18 0 27 21 22 1 63 80 0 16 6 0 34 6 27 4 0 0 0 0 0 10 55 0 0 0 0 0 2 5 0 2 1 3 23 0 2 233 2 2 0 0 16 21 5 0 32 0 0 0 9 0
0 0 3 0 1 13 18 0 0 0 0 1 3 10 0 0 4 16 0 0 0 0 98 3 3 2 0 0 16 0 1 1 6 10 399 0 0 5 4 0 0 0 0 0 0 2 0 0 0 0 45 0 0 0 15 1 0 1 18 0 65 17 21 1 60 24 8 31 0 0 70 8 44 7 0 5 0 0 1 2 51 0 0 0 0 0 6 3 7 5 0 2 19 2 4 295 7 1 7 0 38 40 0 0 51 1 4 4 32 0
0 1 0 1 2 11 5 1 0 0 0 0 1 16 0 0 2 22 0 0 0 0 104 1 1 1 0 0 6 0 5 0 5 8 387 1 0 0 0 0 0 0 0 0 0 2 0 0 0 0 42 0 1 1 18 0 0 1 10 0 68 35 21 1 39 28 4 32 0 0 63 6 32 3 0 0 0 0 0 5 51 0 0 0 0 0 8 5 11 4 3 2 27 2 1 297 9 2 11 0 34 40 4 0 56 2 0 1 21 0
