0 12 30 3 2 18 8 1 0 43 5 22 72 22 0 1 9 103 7 0 1 5 5 5 22 1 2 0 0 0 0 0 1 13 154 4 5 24 7 0 0 0 0 0 3 8 0 0 2 0 39 0 1 1 12 2 1 4 3 0 60 114 16 1 29 2 22 34 5 10 111 0 0 1 6 2 0 5 0 0 92 0 0 0 0 28 9 9 2 0 25 0 31 2 9 292 3 14 1 2 11 33 32 3 29 1 4 2 22 2
0 25 36 7 14 29 8 0 0 4 9 17 43 21 0 2 11 72 6 0 0 4 9 4 61 3 1 0 1 0 0 0 0 7 209 1 4 19 2 0 0 1 1 0 2 9 0 0 0 0 68 0 0 1 6 5 1 2 4 1 43 104 18 1 31 0 16 35 9 4 96 0 0 2 0 0 0 1 0 0 138 0 0 0 0 15 11 2 7 0 32 1 37 2 2 287 0 11 0 4 4 31 23 0 39 12 5 0 21 0
0 24 22 4 17 20 13 4 0 8 13 5 29 9 0 0 2 46 6 1 1 2 0 1 59 31 7 2 3 0 0 0 1 21 257 4 3 26 5 1 0 1 0 0 2 3 0 0 0 0 57 1 1 1 0 6 0 5 1 0 52 103 16 1 38 0 26 31 3 2 83 1 0 12 18 0 0 1 0 0 112 0 0 0 0 17 8 5 8 1 19 0 24 6 6 259 0 10 1 6 4 18 22 1 25 2 8 1 25 3
0 3 22 4 3 21 10 0 0 16 15 10 49 23 0 0 17 84 11 0 1 5 13 2 36 7 0 1 1 1 0 1 1 5 226 2 1 16 1 2 0 0 0 0 0 3 0 1 1 1 45 0 2 1 6 6 2 3 16 1 52 75 14 1 29 2 34 40 10 2 105 0 9 11 2 0 2 4 0 1 86 0 0 0 0 14 4 8 3 1 15 2 22 6 16 274 3 11 1 3 5 9 11 2 48 2 5 2 37 0
0 17 22 2 8 7 8 0 0 9 6 14 33 29 1 1 17 72 8 0 0 5 4 0 92 5 2 16 2 0 0 0 0 8 244 1 6 16 2 1 0 1 1 0 4 11 0 0 2 0 70 0 1 1 2 5 0 3 14 0 44 104 16 1 38 0 20 23 11 6 102 0 1 11 2 0 0 2 1 1 118 0 0 0 0 19 6 1 5 0 20 0 21 6 4 244 2 17 0 2 13 39 22 0 31 6 1 3 26 3
0 11 9 0 4 21 15 2 0 3 8 23 45 20 0 0 15 89 22 0 0 3 4 3 35 2 0 2 0 0 0 0 1 5 197 2 1 27 3 0 0 0 0 0 0 8 0 0 0 0 43 0 1 0 1 0 1 5 9 0 49 96 17 1 25 0 46 38 15 5 92 1 0 16 10 0 0 7 5 0 76 0 0 0 0 21 6 3 5 0 21 0 23 10 0 254 3 10 1 1 13 27 19 2 46 5 3 1 36 2
0 13 17 2 6 17 10 0 0 58 3 23 86 30 1 0 15 124 5 0 0 2 6 5 16 0 0 0 0 0 0 2 0 3 192 2 3 17 5 0 0 3 0 0 0 8 0 1 0 0 60 0 0 0 5 0 1 3 7 1 56 97 18 1 31 0 14 47 1 0 117 0 0 0 2 1 0 3 0 0 96 0 0 0 0 9 11 5 6 3 17 2 33 9 4 265 1 16 0 1 16 39 20 0 34 1 1 4 30 0
0 10 22 2 5 20 13 0 0 9 12 22 50 18 0 1 14 80 12 0 0 5 6 1 29 4 1 8 0 0 0 0 0 6 186 3 3 17 8 1 0 1 0 0 1 1 0 0 0 0 47 0 0 1 4 2 2 5 11 0 62 113 15 1 30 0 70 34 10 2 93 0 7 14 30 0 9 2 1 1 96 0 0 0 0 26 2 2 1 0 20 0 24 2 5 223 0 5 0 3 4 18 13 1 39 7 3 4 36 0
0 3 18 3 0 24 11 0 0 8 4 16 32 23 0 3 11 66 10 0 0 4 29 1 4 1 0 0 0 0 0 1 0 13 156 2 1 25 10 0 0 2 0 0 3 5 0 0 2 2 53 1 2 1 5 1 1 3 9 0 44 137 16 1 36 0 32 33 6 1 92 0 2 15 18 0 3 0 0 1 85 0 0 0 0 24 8 4 4 2 16 1 23 3 5 280 2 11 0 3 13 33 14 3 43 6 7 6 36 0
0 22 13 0 15 35 7 0 0 16 9 7 35 19 0 4 10 60 5 1 1 0 6 0 19 16 1 0 3 0 0 0 4 34 233 1 4 7 4 0 0 1 0 0 0 6 0 0 0 2 56 0 0 0 4 3 3 10 2 0 54 74 18 1 43 0 36 12 10 10 99 0 0 14 8 0 0 3 0 0 94 0 0 0 0 7 7 0 4 0 31 0 26 3 1 257 0 2 0 1 4 14 15 2 69 8 2 4 45 0
0 5 26 3 7 14 3 0 0 51 23 18 94 19 0 1 7 130 15 0 1 4 4 5 3 0 1 0 0 0 0 0 0 12 127 0 0 19 6 0 0 1 0 0 0 1 0 0 3 2 29 0 0 1 9 2 2 1 8 0 79 142 17 1 24 0 56 28 9 15 116 0 0 0 6 1 1 5 0 0 70 0 0 0 0 16 8 5 4 2 14 0 22 3 8 258 1 15 0 0 11 27 30 7 35 5 3 4 28 3
0 7 17 2 5 18 8 0 0 64 10 23 101 35 2 0 21 145 7 0 0 4 7 1 3 0 0 1 5 0 0 4 0 6 166 4 0 25 10 0 0 0 0 0 1 9 0 0 2 0 69 0 0 1 3 2 0 5 9 0 52 109 18 1 28 0 29 37 9 5 96 0 0 4 0 0 1 2 0 0 100 0 0 0 0 19 5 3 3 0 11 0 21 9 4 222 2 9 0 4 11 24 17 1 51 15 0 2 27 0
0 12 8 2 1 12 10 0 0 14 36 13 70 26 0 0 14 105 7 0 0 4 5 4 12 1 1 0 2 0 0 0 0 23 169 4 2 22 8 4 0 1 0 0 0 5 0 2 0 0 52 0 4 1 3 4 3 7 5 0 68 119 17 1 20 0 0 48 12 9 83 0 2 11 16 0 2 4 0 0 90 0 0 0 0 33 15 5 7 0 20 0 23 2 4 235 1 12 1 9 6 18 26 2 29 7 2 5 18 0
0 19 13 5 5 19 5 1 0 76 18 19 113 25 0 4 13 158 18 0 1 2 5 0 8 0 2 1 3 0 0 2 0 3 156 3 0 21 7 0 0 0 0 0 4 1 0 0 0 0 60 0 1 0 2 0 1 5 4 0 37 117 16 1 24 4 46 36 9 13 73 0 0 3 2 0 13 4 0 2 117 0 0 0 0 17 17 4 5 1 14 0 21 8 2 275 0 15 0 5 4 18 27 1 29 6 1 2 17 0
0 5 10 3 7 13 12 1 0 18 21 12 55 11 2 1 2 78 8 0 0 3 9 1 37 9 8 0 2 1 0 1 0 15 200 2 4 11 7 1 0 0 0 0 0 1 0 0 3 1 33 0 2 2 5 6 2 5 14 0 55 84 14 1 22 2 60 39 14 9 99 0 3 15 4 0 4 4 0 0 65 0 0 0 0 16 6 2 10 3 17 0 35 6 2 292 5 5 1 2 6 10 22 2 41 4 1 5 29 2
0 16 16 2 4 13 12 11 0 12 13 20 53 19 1 2 4 80 6 0 2 1 1 0 15 1 0 0 7 0 0 0 0 19 194 7 0 7 5 0 1 0 0 0 1 2 0 0 0 0 49 0 0 0 3 0 2 1 3 0 82 87 16 1 23 2 70 30 9 17 82 0 1 1 16 0 10 0 0 1 95 0 0 0 0 33 9 2 7 0 13 0 21 2 0 215 1 7 0 2 3 14 14 3 33 7 5 6 31 4
0 18 20 7 11 42 6 1 0 8 11 18 47 13 0 0 6 68 6 0 0 3 3 0 33 20 0 1 8 0 0 0 0 22 216 1 5 12 3 0 0 0 0 0 0 9 0 1 0 0 67 0 1 0 1 5 0 5 7 1 47 80 17 1 41 0 34 23 6 5 82 0 0 12 16 1 0 2 0 0 116 0 0 0 0 14 5 4 6 1 24 0 23 5 2 250 0 13 0 0 5 13 14 1 44 6 6 3 36 5
0 12 18 1 9 16 16 1 0 66 7 27 104 17 2 1 11 136 10 0 1 1 7 2 31 0 0 0 8 0 0 0 1 12 161 1 0 25 6 1 0 0 0 0 0 4 0 0 3 0 39 0 1 1 2 0 1 5 9 0 34 126 16 1 30 2 34 28 6 12 100 0 0 7 2 1 10 2 0 0 85 0 0 0 0 26 18 4 2 0 19 0 27 3 0 249 0 14 0 2 7 23 23 1 37 6 2 6 28 0
0 10 14 6 4 26 13 3 0 4 8 24 39 31 0 7 11 83 9 0 2 1 7 2 6 0 2 0 4 0 0 0 1 13 179 1 5 22 9 0 0 0 0 0 1 6 0 0 1 0 66 0 0 0 2 2 3 5 5 0 63 107 15 1 24 2 28 40 11 6 115 0 1 0 12 0 4 0 1 0 102 0 0 0 0 27 9 3 5 0 17 1 28 2 3 254 1 9 1 6 1 10 13 3 43 10 8 6 33 1
0 8 18 2 2 23 5 0 0 11 6 18 42 21 2 2 7 75 9 0 0 4 14 0 37 10 1 22 0 0 0 1 2 15 177 1 2 21 7 1 0 0 0 0 1 5 0 0 0 0 49 0 1 0 2 2 0 3 4 0 49 136 15 1 17 4 72 55 21 4 74 0 0 27 6 0 1 1 0 1 83 0 0 0 0 27 8 6 7 0 23 0 24 2 13 250 0 10 0 0 10 20 17 4 48 17 2 4 21 2
