0 1 12 1 4 19 13 1 0 16 3 9 37 31 0 1 10 75 3 0 1 1 34 1 33 4 0 0 3 0 0 1 0 10 247 0 2 28 9 1 0 1 0 0 1 12 0 2 0 1 83 0 0 0 6 0 0 0 8 2 21 66 17 1 31 6 10 46 6 1 80 5 14 9 0 0 2 0 2 0 102 0 0 0 0 7 7 3 7 0 9 2 21 4 5 295 28 5 2 0 13 24 11 0 60 4 5 2 23 0
0 0 3 1 1 12 14 0 0 0 1 1 3 14 0 1 3 20 0 0 0 0 68 1 15 3 0 0 17 0 1 3 2 13 341 0 0 1 9 0 0 1 0 0 0 2 0 0 0 0 26 0 1 0 3 0 0 0 18 0 21 35 20 1 28 40 0 45 11 3 58 13 34 60 0 0 0 0 0 3 34 0 0 0 0 0 13 11 0 2 1 8 45 0 8 334 11 2 8 0 14 21 10 0 59 0 3 2 23 0
0 0 12 0 8 22 102 3 0 0 0 0 1 19 0 0 2 21 0 0 0 0 29 1 39 8 1 0 6 0 0 5 0 5 279 0 0 2 3 0 0 0 0 0 0 13 0 0 0 0 45 0 0 0 1 4 0 1 15 0 18 42 23 1 94 38 0 21 0 0 60 12 61 0 0 0 0 1 0 1 59 0 0 0 0 2 0 0 0 0 1 0 11 0 2 180 1 12 0 1 12 13 2 0 154 5 0 1 80 0
0 0 26 0 10 23 26 0 0 0 0 0 2 26 0 0 3 32 0 0 0 0 6 0 41 2 0 0 13 0 0 15 0 14 325 1 2 1 2 0 0 0 0 0 0 2 0 0 0 0 50 0 0 0 0 4 0 0 10 0 25 28 27 1 102 38 0 16 0 0 79 0 63 3 0 0 0 1 0 3 80 0 0 0 0 0 1 3 1 0 12 0 15 0 21 200 1 2 0 0 21 23 0 0 161 6 1 7 107 0
0 1 4 10 6 11 21 0 0 26 2 15 44 43 0 0 14 98 10 0 1 6 22 3 26 2 0 0 0 0 0 0 0 5 222 0 3 34 23 0 0 1 1 0 0 4 0 1 2 1 60 1 0 1 2 0 0 1 5 0 27 76 19 1 35 10 0 32 14 0 119 3 14 6 2 0 2 0 0 1 81 0 0 0 0 15 10 4 6 0 14 1 20 1 6 297 5 9 1 0 8 37 14 0 48 6 0 0 19 0
0 0 1 0 1 15 19 2 0 0 0 1 1 10 0 1 4 17 0 0 0 0 59 3 22 1 1 0 26 0 2 7 2 33 383 0 0 4 3 0 0 1 0 0 0 0 0 0 0 0 20 0 0 0 5 4 0 0 25 0 22 37 19 1 26 40 0 56 5 3 77 10 32 68 0 0 3 0 0 2 26 0 0 0 0 0 5 9 2 0 2 2 45 0 3 289 11 2 4 0 11 14 12 0 69 1 0 0 7 0
0 2 10 7 3 36 9 0 0 23 30 24 78 23 0 3 4 120 17 0 0 6 49 0 61 0 0 0 1 0 0 0 0 6 219 1 3 21 23 0 0 0 0 0 0 11 0 0 0 2 34 0 2 0 2 0 0 0 2 0 12 46 18 1 14 6 0 45 54 0 58 0 1 100 14 0 2 2 0 0 59 0 0 0 0 30 3 1 3 1 19 0 18 0 4 277 0 3 0 0 0 17 6 2 15 0 2 2 12 1
0 0 6 0 0 17 7 0 0 10 0 6 17 23 0 3 10 47 0 0 0 0 47 1 31 3 0 0 12 0 4 0 5 7 283 0 6 16 3 1 0 3 1 0 2 6 0 1 0 1 71 0 2 0 4 0 1 0 19 0 23 75 20 1 39 18 28 47 0 0 67 1 19 6 0 0 0 0 1 1 82 0 0 0 0 5 8 8 2 3 1 4 24 2 6 282 14 6 3 2 15 45 15 0 46 1 1 0 35 0
0 0 4 0 4 18 14 1 0 18 16 10 44 10 0 0 1 65 9 0 0 2 31 0 55 4 0 1 6 0 0 6 0 24 279 0 3 13 13 0 0 0 0 0 0 4 0 0 0 0 39 0 0 0 0 1 0 1 24 0 17 47 18 1 23 36 2 47 23 0 80 3 15 61 0 0 0 2 1 0 46 0 0 0 0 11 14 1 3 1 17 2 20 1 3 319 5 3 1 0 3 6 11 0 45 3 4 2 23 0
0 0 4 7 0 16 27 8 0 1 2 0 7 21 0 0 0 34 0 0 0 0 53 0 28 4 2 0 0 0 0 0 1 4 324 0 0 5 4 0 0 2 0 0 0 5 0 6 0 0 44 0 0 0 3 0 0 0 13 0 14 48 25 1 31 6 0 36 6 0 56 8 20 21 0 0 0 0 4 0 59 0 0 0 0 0 2 15 3 2 0 7 15 1 3 286 16 0 8 1 22 29 13 0 85 0 0 1 48 0
0 0 3 0 3 22 14 1 0 11 10 2 25 11 0 0 7 48 10 2 0 3 43 1 15 4 1 0 13 0 0 2 1 15 309 0 3 19 6 0 0 4 0 0 0 1 0 0 0 0 44 0 0 0 1 1 1 0 15 0 14 43 17 1 18 16 0 59 21 3 51 8 21 75 0 0 0 2 0 1 50 0 0 0 0 2 5 10 6 1 5 2 43 1 1 313 13 0 5 0 13 21 9 0 55 2 4 0 15 0
0 0 5 0 0 11 6 1 0 31 11 4 50 32 0 1 22 97 11 0 0 4 32 1 40 9 0 0 2 0 0 4 0 7 249 3 1 30 16 0 0 2 0 0 0 1 0 0 1 0 55 0 0 1 5 0 0 0 12 0 33 91 17 1 18 2 2 78 8 0 89 1 2 31 2 0 0 0 1 0 62 0 0 0 0 19 15 2 2 1 7 2 15 2 7 290 28 17 1 1 6 15 28 0 26 5 4 1 30 0
0 0 6 3 0 17 5 0 0 17 5 1 25 36 0 0 15 77 14 0 0 5 41 0 37 3 1 0 3 0 0 0 1 8 227 0 1 37 16 0 0 1 0 0 2 6 0 0 0 1 67 1 1 0 11 0 0 0 10 0 39 76 19 1 23 4 0 54 15 0 98 2 14 7 0 0 1 4 3 0 86 0 0 0 0 7 10 5 2 0 5 4 28 1 6 324 17 5 2 1 15 31 22 0 43 6 4 1 19 0
0 7 2 0 1 16 20 0 0 14 7 1 23 12 0 0 1 52 8 1 0 1 55 2 27 7 0 2 3 0 0 4 3 16 310 0 2 22 10 0 0 2 0 0 0 6 0 3 0 1 49 0 2 0 5 0 0 0 21 0 18 36 17 1 24 12 3 52 17 0 64 2 17 54 2 0 3 0 2 1 67 0 0 0 0 4 3 7 2 0 1 7 26 0 5 296 19 4 12 0 10 17 7 0 54 3 0 0 10 0
0 0 4 0 2 22 24 1 0 0 0 3 4 19 0 1 1 28 3 0 0 0 52 1 40 2 1 1 14 0 1 1 1 17 350 0 9 0 10 0 0 3 0 0 0 6 0 0 0 0 25 0 2 0 2 0 0 0 13 0 19 38 19 1 34 24 2 44 7 0 81 5 37 35 0 0 0 0 1 2 34 0 0 0 0 0 2 4 0 0 2 5 26 0 9 280 13 1 4 1 11 18 9 0 58 0 0 1 30 0
0 0 4 1 2 12 36 2 0 4 7 1 12 10 0 0 2 37 12 3 0 3 34 3 43 4 1 1 24 0 2 3 3 17 328 0 9 3 10 0 0 1 0 0 0 3 0 1 0 0 36 0 0 0 3 3 0 0 14 0 24 38 16 1 26 28 0 49 17 0 54 11 27 55 0 0 0 3 1 2 47 0 0 0 0 9 4 3 1 1 5 3 29 1 9 285 10 2 2 1 11 14 9 0 39 1 2 3 21 0
0 0 2 2 8 14 24 0 0 29 11 3 51 17 0 0 5 79 7 0 0 2 7 0 12 0 0 1 4 0 0 0 0 6 272 0 0 30 9 0 0 0 0 0 0 1 0 3 0 0 60 0 0 0 0 0 0 0 4 0 16 60 23 1 33 0 0 33 16 0 58 11 44 40 0 0 0 0 11 1 76 0 0 0 0 4 1 3 6 8 0 2 42 0 3 266 0 1 3 0 24 26 13 0 81 0 1 0 18 0
0 0 0 1 0 21 36 0 0 14 3 1 19 16 0 1 4 47 9 0 0 1 42 0 25 3 0 1 4 0 0 1 0 7 245 2 2 25 23 0 0 1 0 0 0 3 0 2 3 1 61 0 0 1 2 0 0 0 11 0 19 56 20 1 23 12 0 60 12 0 82 4 13 31 0 0 0 0 2 1 66 0 0 0 0 8 6 4 8 0 8 0 15 0 4 294 17 12 3 0 12 28 11 0 72 8 2 1 27 0
0 0 11 1 1 20 16 0 0 6 1 13 27 27 0 2 10 65 8 0 0 2 30 0 59 5 2 0 6 0 0 0 2 7 277 5 2 32 11 1 1 6 2 2 4 11 0 7 0 0 73 0 0 0 5 0 0 0 15 0 20 86 19 1 38 2 20 45 1 0 73 2 7 2 0 0 1 0 4 0 92 0 0 0 0 2 16 4 5 1 10 6 20 3 1 298 16 14 1 0 15 54 22 0 43 8 2 0 21 0
0 0 5 1 0 22 11 1 0 0 1 0 4 12 0 0 2 19 0 0 0 0 81 1 3 1 0 0 6 0 2 0 1 5 341 0 1 8 10 0 0 2 0 0 1 1 0 3 0 0 40 1 0 0 3 1 0 0 27 0 24 36 20 1 51 26 2 30 5 0 72 10 31 19 0 0 0 0 1 2 50 0 0 0 0 0 10 6 0 2 0 7 18 0 6 295 7 3 9 1 20 42 9 0 52 1 1 1 23 0
0 3 7 4 2 15 26 1 0 15 11 13 40 26 0 0 11 75 9 0 0 2 32 3 73 14 0 0 5 0 0 0 0 10 300 1 0 36 19 0 0 2 0 0 0 12 0 0 0 0 49 0 2 0 1 1 0 1 6 0 11 52 19 1 25 4 0 60 8 0 91 0 3 41 4 0 0 0 4 1 70 0 0 0 0 16 5 5 2 0 15 0 26 0 11 298 14 5 4 0 7 15 9 1 54 9 6 0 25 1
0 0 0 0 0 13 14 2 0 3 0 1 4 12 0 2 2 19 0 0 0 0 79 1 10 1 1 0 31 0 0 3 2 18 371 0 0 0 15 0 0 2 0 0 0 0 0 1 0 0 26 0 0 0 6 0 0 0 22 0 24 43 23 1 26 58 0 55 10 3 76 18 32 67 0 0 0 0 0 1 27 0 0 0 0 1 17 10 5 2 1 7 50 0 3 358 16 1 6 0 15 19 6 0 52 0 1 0 12 0
0 2 17 2 17 33 44 0 0 58 0 11 72 17 1 1 5 92 3 0 0 2 8 0 55 0 0 0 1 0 0 1 0 18 269 11 7 26 7 0 0 0 0 0 0 10 0 2 1 2 73 0 0 0 0 1 0 1 2 0 11 37 21 1 41 0 14 40 0 0 101 0 2 3 0 0 0 0 0 0 94 0 0 0 0 12 8 0 1 0 20 2 13 0 3 232 0 5 1 0 11 18 3 0 64 7 3 2 45 0
0 1 4 0 9 18 11 0 0 17 1 0 22 12 0 0 2 40 2 0 0 2 31 0 17 2 0 0 7 0 0 0 0 6 389 0 2 16 9 0 0 1 0 0 0 2 0 0 0 0 69 0 0 0 0 0 0 0 12 0 8 77 24 1 49 12 0 29 9 0 48 17 77 22 0 0 0 0 1 0 75 0 0 0 0 2 1 1 0 0 6 4 25 0 1 248 9 6 3 0 15 18 22 0 62 0 0 0 28 0
0 0 3 3 0 5 9 1 0 16 2 7 27 20 0 0 9 66 7 0 1 2 39 1 32 7 1 0 7 1 0 0 3 7 261 0 2 48 12 0 0 2 0 0 0 2 0 0 0 0 66 0 0 0 5 1 0 0 17 1 29 58 18 1 21 4 2 68 9 0 86 8 25 13 0 0 0 0 1 0 74 0 0 0 0 8 12 3 2 1 10 0 34 1 5 335 22 14 5 0 3 16 16 0 53 2 2 0 30 0
0 0 4 1 1 10 2 0 0 36 17 13 66 27 0 1 16 110 12 0 1 4 18 1 31 6 0 0 4 0 1 3 3 10 223 1 2 50 24 0 0 2 0 1 0 3 0 1 0 2 72 0 0 1 5 0 0 0 3 0 29 105 18 1 19 2 0 61 18 0 97 0 4 4 0 0 0 1 0 0 79 0 0 0 0 13 19 7 14 0 4 2 24 3 2 320 13 17 1 1 5 26 24 0 37 10 1 2 21 0
0 0 4 0 3 13 21 0 0 6 1 4 14 13 0 2 5 33 5 0 0 0 43 0 26 1 0 1 8 0 0 0 2 17 310 0 3 13 12 0 0 0 0 0 1 4 0 2 0 0 44 1 0 0 5 2 0 0 14 0 30 40 19 1 31 24 0 48 8 0 71 2 38 37 0 0 0 0 4 3 57 0 0 0 0 3 2 3 7 2 5 11 16 0 9 331 23 6 2 1 13 22 6 0 29 1 1 0 12 0
0 0 6 2 1 15 11 1 0 28 9 2 40 18 0 1 8 74 9 0 0 1 31 0 45 18 0 0 10 0 0 14 0 17 299 2 3 12 5 0 0 1 1 0 0 9 0 0 0 1 33 0 0 0 4 0 0 0 4 0 12 54 18 1 23 10 4 55 18 0 63 6 13 47 4 0 0 1 0 1 43 0 0 0 0 10 6 3 2 1 4 5 24 3 2 292 26 16 7 1 5 19 6 0 48 3 4 0 34 0
0 0 1 1 0 15 19 3 0 4 0 2 7 9 0 1 2 17 0 0 0 0 54 5 21 4 1 2 32 0 0 3 2 22 349 0 0 7 14 0 0 3 0 0 0 3 0 1 0 1 33 0 0 0 4 4 0 0 15 0 23 49 19 1 27 26 0 45 8 3 91 9 18 50 0 0 0 0 1 2 38 0 0 0 0 0 5 12 6 0 5 4 47 0 4 310 13 1 3 0 12 16 13 0 62 0 0 2 16 0
0 0 4 11 3 9 8 1 0 43 14 13 70 8 0 0 3 101 14 0 0 4 19 0 74 16 1 0 3 0 0 3 0 6 280 5 0 27 25 0 0 0 0 0 0 2 0 0 1 1 54 0 0 0 6 1 0 0 27 0 18 38 18 1 14 0 10 76 28 0 68 0 17 65 2 0 0 1 0 0 70 0 0 0 0 14 9 4 2 0 8 2 37 2 0 264 13 4 2 2 4 9 14 0 29 5 6 1 19 0
0 1 6 8 6 16 13 0 0 30 35 25 95 24 0 1 4 143 24 0 2 4 1 0 84 0 0 0 0 0 0 0 0 3 262 1 0 27 31 0 0 0 0 0 0 7 0 0 0 0 47 0 0 0 2 0 0 0 1 0 8 52 20 1 12 0 0 57 58 0 40 0 1 113 12 0 1 0 0 0 63 0 0 0 0 25 2 6 2 0 13 0 37 0 0 248 2 0 0 0 2 12 23 1 14 2 4 0 11 1
0 1 10 8 1 16 15 0 0 43 8 15 68 19 0 1 12 118 22 0 0 5 19 2 55 7 2 0 3 0 0 0 1 9 263 2 1 41 6 0 1 0 1 0 0 3 0 0 0 0 56 0 0 0 3 0 0 0 23 0 17 72 17 1 17 0 8 68 24 0 72 0 10 28 6 0 1 1 1 0 80 0 0 0 0 4 3 1 5 0 6 2 24 3 1 279 7 15 3 0 6 18 19 0 41 12 1 1 21 0
0 1 5 6 13 22 56 2 0 8 1 8 23 29 0 1 6 56 4 0 0 2 20 0 78 5 0 0 6 0 0 0 0 15 345 5 1 20 4 0 0 1 0 0 0 11 0 1 0 0 41 0 0 0 1 0 0 0 11 0 10 31 21 1 38 6 1 48 3 0 93 0 25 12 0 0 0 0 0 2 55 0 0 0 0 5 3 3 1 0 9 1 20 0 8 253 16 6 2 1 11 22 3 0 73 4 3 1 43 0
0 0 2 0 0 23 18 1 0 0 1 1 2 10 0 1 3 13 0 0 0 0 65 2 16 1 1 0 27 0 0 3 2 20 361 0 0 2 9 0 0 0 0 0 0 1 0 0 0 0 31 0 1 0 5 1 0 0 24 0 21 27 20 1 35 50 0 37 5 3 79 16 28 43 0 0 0 0 0 2 36 0 0 0 0 0 13 7 1 1 2 6 53 0 5 305 6 1 3 0 13 20 5 0 46 0 2 2 23 0
0 0 1 0 1 14 11 0 0 0 0 0 1 18 0 1 7 29 5 0 0 1 72 0 19 5 1 0 25 1 5 0 4 9 286 5 1 10 5 0 0 2 1 1 0 7 0 0 0 0 44 0 1 0 0 1 0 0 18 0 17 68 18 1 42 32 14 32 9 0 95 1 6 0 4 0 1 2 2 0 51 0 0 0 0 3 13 6 3 1 9 0 17 1 8 313 22 19 0 5 5 33 18 0 32 3 3 0 31 0
0 1 14 0 3 13 17 1 0 35 15 9 63 8 0 0 1 82 7 0 0 4 25 0 21 1 0 0 3 0 0 0 0 5 285 2 2 24 7 0 0 2 0 0 0 5 0 2 0 3 48 0 0 0 2 0 0 0 11 0 14 95 19 1 23 0 4 47 19 0 68 7 27 44 0 0 0 1 1 0 65 0 0 0 0 7 7 3 7 2 16 1 29 0 1 288 10 5 4 0 15 25 28 0 37 8 5 6 26 1
0 1 4 0 1 14 6 0 0 4 4 0 12 16 0 0 1 32 1 0 0 1 43 3 7 1 3 0 0 0 0 0 0 7 308 0 3 16 1 0 0 2 0 0 0 1 0 3 0 0 50 2 0 0 2 0 1 0 15 0 23 49 20 1 24 8 0 43 13 0 59 5 38 30 0 0 0 0 1 0 59 0 0 0 0 0 0 17 3 4 4 6 26 2 2 285 18 2 4 0 8 14 9 0 86 0 5 2 61 0
0 0 9 0 11 33 7 0 0 29 23 19 73 21 0 0 6 124 30 0 6 8 13 0 60 1 0 0 0 0 0 0 0 8 258 1 2 31 34 0 1 0 0 0 0 12 0 0 0 0 35 0 0 0 5 0 0 0 5 0 15 55 19 1 14 4 2 52 51 0 65 0 1 98 2 0 0 0 0 2 47 0 0 0 0 18 3 5 1 0 9 1 26 0 1 258 0 9 0 0 8 20 26 1 17 6 0 0 8 0
0 0 9 0 4 27 28 1 0 0 1 1 2 13 0 0 1 16 0 0 0 0 15 0 31 0 0 0 10 0 0 6 0 28 291 0 2 1 3 0 0 0 0 0 0 3 0 1 0 0 29 0 0 0 0 6 0 0 17 0 23 30 22 1 58 40 0 25 3 0 70 0 60 11 0 0 0 1 0 3 42 0 0 0 0 1 0 0 0 0 5 2 12 0 15 195 3 3 0 0 16 19 1 0 155 7 1 2 85 0
0 0 5 3 1 21 6 0 0 12 0 19 34 37 0 0 20 78 2 0 0 2 26 0 55 8 1 0 6 0 1 0 0 9 269 0 3 34 16 0 0 1 1 0 0 2 0 2 0 0 90 0 0 0 1 0 0 1 13 0 22 81 20 1 25 0 0 61 4 0 98 0 18 7 0 0 1 0 1 0 101 0 0 0 0 4 14 4 7 5 3 1 24 3 3 297 23 13 7 1 9 21 22 0 26 4 3 0 13 0
0 0 5 4 4 18 21 1 0 13 16 4 33 8 0 1 2 57 14 3 1 3 33 1 37 1 0 1 17 0 2 1 2 13 285 0 4 4 15 0 0 1 0 0 0 8 0 0 0 1 26 0 0 0 3 6 0 0 22 0 26 53 16 1 21 20 0 45 30 0 60 10 22 72 0 0 0 2 1 1 39 0 0 0 0 15 5 3 0 0 4 2 34 1 4 286 5 3 3 1 8 13 17 0 31 0 1 1 15 0
0 0 2 0 0 18 29 0 0 16 0 3 20 19 0 0 6 55 10 0 0 5 38 1 30 6 0 0 27 0 1 0 4 10 301 1 3 30 11 0 0 1 0 0 1 3 0 0 0 1 45 0 1 0 8 0 1 0 16 0 31 84 19 1 29 24 3 52 9 0 103 0 5 10 2 0 0 0 1 1 50 0 0 0 0 4 11 6 3 0 7 2 29 1 2 290 14 11 2 1 7 24 24 0 35 6 2 1 18 0
0 3 7 1 3 24 19 2 0 14 19 5 40 12 0 0 1 65 10 1 0 2 8 0 35 6 1 0 8 0 0 5 0 12 344 2 0 18 5 0 0 0 0 0 0 6 0 1 1 2 46 0 0 0 3 0 0 0 15 0 26 45 19 1 19 10 0 49 34 0 67 0 17 79 0 0 1 0 0 2 60 0 0 0 0 8 3 2 4 3 9 0 48 1 0 285 10 2 0 0 11 19 13 0 27 7 1 0 13 0
0 1 1 6 2 12 21 0 0 36 9 26 71 26 0 1 8 121 13 0 0 4 16 0 50 8 0 0 4 0 1 1 0 5 207 2 2 40 17 0 1 0 0 0 0 5 0 0 0 0 58 0 0 0 3 0 0 0 15 0 29 74 17 1 18 4 10 78 6 1 106 1 11 10 4 1 0 0 0 1 69 0 0 0 0 10 9 4 4 0 7 0 33 7 1 303 17 15 0 1 8 21 27 0 43 3 2 1 19 0
0 2 4 2 11 31 18 1 0 3 0 1 4 25 0 0 9 30 0 0 0 0 34 0 56 8 0 0 5 0 0 5 0 23 350 0 3 18 10 0 0 1 0 0 0 8 0 0 0 0 68 0 0 0 3 0 0 0 12 0 19 29 22 1 60 8 2 30 0 0 92 0 30 4 2 0 0 0 1 3 80 0 0 0 0 4 3 3 0 0 17 1 26 0 3 233 11 8 1 1 9 17 5 0 103 2 0 1 72 2
0 0 11 1 1 11 14 0 0 21 7 2 34 24 1 0 11 79 10 0 0 4 28 0 31 10 0 0 4 0 0 2 0 4 263 0 3 42 18 0 0 0 0 0 2 2 0 0 0 1 60 0 1 0 5 1 0 0 10 0 20 89 21 1 19 0 0 73 8 0 89 0 8 14 0 0 0 0 0 0 74 0 0 0 0 13 9 5 1 4 0 2 16 0 9 283 15 10 3 1 6 21 32 0 57 6 2 2 24 0
0 0 7 0 0 28 22 1 0 15 1 2 22 14 0 3 7 45 4 0 0 3 40 3 30 6 1 0 7 0 4 1 6 12 267 0 8 15 6 0 0 6 0 1 2 11 0 5 0 0 80 0 3 1 3 0 0 2 14 0 27 78 17 1 44 2 24 36 2 2 95 1 9 7 0 0 2 0 3 1 97 0 0 0 0 2 4 10 7 1 3 2 27 1 3 309 23 12 4 2 19 44 10 0 36 0 3 2 20 0
0 0 1 0 0 11 25 5 0 1 4 0 5 7 0 1 1 12 0 0 0 0 67 0 22 7 3 0 45 0 0 5 2 22 379 0 2 0 10 0 0 1 0 0 0 1 0 1 0 0 14 0 0 0 5 1 0 0 20 0 17 34 20 1 31 26 0 51 7 2 89 5 38 52 0 0 0 0 0 1 16 0 0 0 0 0 10 3 5 5 3 5 38 0 6 297 6 2 6 0 10 16 9 0 76 0 4 1 24 0
0 0 4 1 1 22 5 1 0 36 12 5 55 33 0 0 25 105 16 0 0 3 51 2 35 2 1 0 1 0 0 1 0 2 227 1 2 38 13 0 0 3 1 0 0 7 0 1 1 1 58 0 1 0 5 0 1 0 19 0 21 64 18 1 17 2 0 73 19 0 77 0 4 16 2 0 0 0 1 0 65 0 0 0 0 19 23 3 4 0 7 4 25 1 3 326 26 19 6 1 4 16 23 0 28 5 1 0 29 0
0 0 0 0 0 13 13 3 0 0 2 1 3 11 0 0 2 17 0 0 0 0 63 1 20 6 2 0 32 0 0 4 1 22 383 0 0 2 5 0 0 3 1 0 0 1 0 0 0 0 24 0 1 0 5 2 0 0 16 0 12 48 19 1 26 22 0 51 7 3 74 11 25 56 0 0 1 0 1 1 28 0 0 0 0 1 8 14 1 0 1 7 40 0 1 302 13 1 8 1 12 21 12 0 48 0 2 1 21 0
0 3 5 6 4 28 35 0 0 24 5 26 58 46 0 0 9 118 9 0 0 7 25 2 44 2 0 0 0 0 0 2 0 8 242 6 10 40 12 0 1 2 0 0 0 4 0 1 0 2 63 0 0 0 3 0 0 0 6 0 14 65 19 1 51 0 6 29 4 0 135 0 2 6 9 0 1 0 2 0 81 0 0 0 0 9 8 6 3 0 7 5 9 3 2 290 8 15 2 0 5 34 17 0 30 7 0 1 20 0
0 0 5 0 2 8 12 0 0 3 3 0 11 14 0 0 4 32 0 0 0 0 41 3 10 2 0 3 15 0 0 1 0 9 340 0 0 12 4 0 0 7 0 0 0 6 0 3 0 0 39 0 1 0 3 2 0 0 16 1 21 54 19 1 33 4 0 40 7 0 82 4 38 23 0 0 1 0 1 5 52 0 0 0 0 0 2 11 3 1 2 6 34 1 4 267 21 0 12 0 13 26 11 0 80 1 4 3 39 0
0 3 5 0 2 19 31 1 0 3 0 1 4 13 0 0 2 17 0 0 0 0 33 0 55 6 0 7 9 0 0 2 4 12 325 0 5 7 13 0 0 0 0 0 0 5 0 4 0 0 30 0 0 0 2 1 0 1 16 0 32 39 19 1 29 20 0 46 12 0 80 2 21 39 0 0 0 1 2 2 44 0 0 0 0 1 5 3 0 1 12 8 22 0 8 296 17 5 0 1 21 24 5 0 54 0 3 0 23 0
0 0 6 0 0 30 17 0 0 2 3 6 13 33 0 0 15 55 5 0 0 3 56 3 63 7 0 0 11 0 2 0 1 11 291 0 3 27 12 0 0 3 0 3 1 6 0 1 0 5 90 0 0 0 4 0 0 1 14 1 30 67 19 1 39 10 14 41 4 0 72 7 13 8 0 0 0 0 1 3 100 0 0 0 0 3 9 5 1 4 3 2 18 2 2 290 15 6 1 5 8 29 13 0 26 2 2 1 13 0
0 2 4 0 2 19 9 2 0 18 13 0 34 13 0 0 2 63 12 0 0 4 13 3 10 2 0 0 5 0 0 1 0 7 353 0 0 26 17 0 0 0 0 0 0 7 0 2 0 0 40 0 0 0 2 0 0 0 5 0 27 53 20 1 26 12 0 41 23 0 66 0 26 58 0 0 1 0 4 1 52 0 0 0 0 8 1 1 9 1 3 3 29 1 3 266 21 3 0 0 7 14 9 0 57 0 0 2 24 0
0 0 7 0 1 19 4 0 0 30 23 4 60 28 0 1 14 109 12 0 0 7 23 0 36 8 0 0 4 0 0 1 1 11 246 4 1 39 10 0 0 0 0 0 3 1 0 0 0 0 70 0 0 0 1 1 0 0 7 0 21 77 19 1 19 0 2 63 18 0 78 0 15 15 2 0 0 0 0 1 78 0 0 0 0 13 13 4 6 1 7 0 39 1 2 314 30 14 8 0 2 22 28 0 39 3 4 1 15 0
0 0 4 5 2 14 13 1 0 14 37 8 64 22 0 1 2 105 19 0 1 3 46 1 62 5 0 0 5 0 0 0 0 10 310 0 0 24 8 0 0 0 0 0 1 11 0 0 1 0 46 0 0 1 1 0 0 0 7 0 13 48 18 1 18 2 0 53 35 0 61 0 6 75 2 0 0 0 1 1 58 0 0 0 0 15 3 4 5 2 8 6 25 0 7 260 11 6 0 0 9 25 13 4 23 3 4 2 15 0
0 0 7 0 6 17 20 0 0 27 0 0 27 21 0 1 9 61 9 0 1 3 54 0 18 5 0 0 13 0 5 1 0 9 261 1 0 41 6 0 0 0 0 0 0 5 0 2 2 0 59 0 0 1 3 0 0 0 12 0 15 67 18 1 27 10 0 53 8 0 89 3 21 17 2 0 6 0 4 1 78 0 0 0 0 4 5 11 2 0 2 1 12 2 3 294 11 15 1 1 10 25 20 0 41 2 5 2 26 0
0 0 11 2 9 33 17 1 0 16 8 9 34 43 0 1 10 82 5 0 0 1 48 0 27 2 0 0 2 0 0 1 0 4 268 0 2 40 15 0 0 2 0 0 0 7 0 1 0 0 55 0 0 0 3 0 0 0 13 0 21 59 20 1 44 0 0 32 5 0 116 0 5 16 12 0 0 0 3 2 73 0 0 0 0 8 16 6 5 0 4 4 22 1 4 294 19 3 3 0 5 18 10 0 43 11 5 0 27 0
0 0 4 0 0 18 10 0 0 3 4 5 16 25 0 0 14 54 8 0 1 3 37 3 45 6 0 0 3 0 1 2 3 9 297 4 4 29 7 0 0 1 0 1 1 8 0 0 1 1 70 0 1 2 8 0 0 1 15 0 37 72 18 1 46 12 8 29 8 0 141 2 7 6 0 0 1 1 2 0 82 0 0 0 0 7 8 7 4 1 3 0 29 7 5 291 8 3 2 2 12 35 18 0 35 6 2 2 21 0
0 0 16 2 2 28 35 1 0 21 1 3 28 13 0 0 1 44 1 0 0 1 38 1 42 3 1 0 17 0 0 0 0 29 381 0 5 25 7 1 0 0 0 0 1 5 0 3 2 0 62 0 0 1 5 8 0 1 13 0 29 80 21 1 76 28 0 17 6 0 72 16 45 11 0 0 0 2 7 2 93 0 0 0 0 1 5 6 1 0 14 4 18 1 2 289 11 4 1 1 5 14 16 0 69 5 4 2 37 0
0 1 5 0 6 20 13 0 0 26 2 2 33 29 1 0 5 71 6 0 1 3 49 1 14 1 0 1 3 0 0 0 1 19 293 3 0 19 3 0 0 2 0 0 0 0 0 0 0 0 49 0 0 0 4 0 0 0 19 0 19 56 20 1 26 34 0 47 11 1 70 8 16 47 0 0 0 0 1 1 57 0 0 0 0 10 6 11 16 0 8 1 42 0 2 342 12 0 3 0 14 29 18 0 52 1 0 1 9 0
0 0 1 4 5 20 7 0 0 11 16 2 38 8 0 1 1 56 6 0 0 2 49 6 2 0 0 1 13 0 0 0 0 9 293 1 1 19 10 0 0 2 0 0 0 4 0 2 0 0 30 0 0 0 2 1 0 0 16 0 18 48 19 1 24 4 0 40 26 0 64 0 40 57 0 0 0 0 3 3 41 0 0 0 0 4 4 6 0 2 6 2 46 0 1 284 10 3 4 0 6 17 14 0 115 1 0 1 13 0
0 1 6 3 2 9 20 2 0 43 8 3 55 5 0 2 0 76 8 3 1 1 28 1 14 0 1 3 2 0 0 0 0 8 266 0 1 7 3 0 0 3 0 0 1 2 0 0 0 0 24 0 1 0 0 0 1 0 23 0 8 79 16 1 17 4 0 67 25 0 67 0 20 64 0 0 0 2 1 1 39 0 0 0 0 9 3 0 14 1 2 3 39 1 2 280 17 4 10 0 7 20 14 0 42 1 2 1 30 0
0 2 7 0 2 23 14 0 0 15 1 4 21 10 0 2 2 33 1 0 0 0 47 0 13 5 0 0 5 0 0 0 1 9 301 0 0 26 8 0 0 1 0 0 0 1 0 0 0 0 48 0 0 0 7 3 0 0 10 0 35 71 20 1 55 24 2 26 3 0 86 8 47 17 0 0 0 1 3 3 64 0 0 0 0 1 8 2 0 2 14 4 27 0 2 293 7 4 6 0 12 27 18 0 59 3 1 2 38 0
0 1 4 0 11 30 45 1 0 17 2 8 27 45 0 0 12 78 6 0 0 2 25 0 28 5 0 0 6 0 0 0 0 4 253 0 3 44 16 0 0 1 0 0 1 8 0 3 2 1 73 1 0 0 2 0 0 2 13 0 25 46 19 1 44 6 10 34 5 0 117 0 3 9 2 0 1 1 3 1 85 0 0 0 0 3 14 1 2 1 5 0 15 0 0 263 9 4 1 1 10 35 7 0 54 4 1 1 39 0
0 0 1 0 7 17 13 0 0 2 1 1 4 2 0 0 1 6 0 0 0 0 53 0 35 4 0 1 14 0 5 4 1 24 352 0 0 1 10 0 0 0 0 0 0 0 0 2 0 1 45 0 0 0 2 4 0 0 20 0 14 28 21 1 50 54 4 30 8 0 56 0 42 18 0 0 1 0 1 6 54 0 0 0 0 4 2 1 0 0 1 2 7 0 19 246 6 0 0 1 12 13 3 0 90 0 0 2 43 0
0 1 8 8 4 20 9 0 0 30 46 8 87 28 0 0 11 130 14 0 0 5 46 0 49 0 0 2 0 0 0 4 0 3 209 0 0 40 29 0 0 0 0 0 0 8 0 0 0 0 42 0 0 0 1 0 0 0 4 0 12 82 18 1 16 2 0 57 38 0 73 0 1 82 6 0 1 2 0 1 63 0 0 0 0 28 9 7 1 1 8 1 22 3 3 311 3 9 0 0 1 14 25 3 18 4 0 2 9 0
0 0 6 1 2 13 11 0 0 13 4 5 26 25 0 0 10 60 3 0 0 1 40 3 57 6 0 1 11 0 2 0 3 6 318 2 0 25 12 0 0 0 0 0 1 0 0 2 0 0 48 0 0 0 5 0 0 2 19 0 31 72 19 1 25 2 2 57 12 0 105 1 3 37 0 0 0 0 0 0 55 0 0 0 0 9 9 2 5 0 1 3 30 2 6 312 19 17 2 0 6 20 18 0 27 8 2 0 8 0
0 0 0 0 0 12 8 1 0 0 4 0 8 17 0 0 2 33 3 0 0 0 52 0 10 2 0 3 13 0 1 3 0 9 321 0 0 8 10 0 0 0 0 0 0 2 0 1 0 0 41 0 1 0 7 3 0 0 17 0 35 47 20 1 30 28 0 41 14 0 74 9 26 43 0 0 1 0 0 2 45 0 0 0 0 1 13 9 3 2 5 8 25 1 1 309 22 1 6 0 17 27 17 0 37 0 0 0 27 0
0 0 3 1 5 20 7 0 0 1 0 0 1 32 0 1 15 39 5 1 0 1 37 0 35 6 0 0 14 0 0 0 3 10 316 1 2 21 11 0 0 1 2 0 0 4 0 1 0 1 49 0 0 0 15 3 1 0 8 0 38 59 19 1 37 30 0 38 9 0 110 0 9 2 0 0 2 0 2 0 57 0 0 0 0 5 9 4 2 2 5 4 41 6 4 305 10 4 4 0 12 31 12 0 34 4 3 1 21 0
0 1 15 1 1 22 28 2 0 12 0 5 20 28 0 2 12 56 2 0 0 0 34 2 32 2 0 0 7 0 0 0 4 6 230 1 7 19 5 0 2 1 0 0 2 13 0 3 0 2 67 1 1 0 1 0 1 0 14 0 25 90 18 1 38 8 16 41 2 1 69 0 5 5 0 0 6 0 0 0 94 0 0 0 0 8 11 4 2 1 7 5 20 4 4 292 14 16 0 0 12 32 14 0 43 4 4 4 23 0
0 0 20 4 2 17 13 0 0 33 21 9 66 10 0 1 5 92 15 1 2 3 16 1 22 2 0 4 5 0 0 0 0 11 270 0 4 31 10 0 0 0 0 0 0 3 0 1 0 0 37 0 0 0 1 10 0 0 6 0 18 75 18 1 21 4 0 38 32 0 69 3 18 60 0 0 0 1 3 0 65 0 0 0 0 9 5 1 3 1 15 2 32 0 3 275 6 2 2 0 8 15 20 0 65 4 7 3 28 0
0 0 2 1 3 11 9 0 0 2 0 0 2 10 0 0 0 18 0 0 0 0 40 3 19 3 1 0 4 0 1 0 0 12 378 0 2 18 10 0 0 1 0 0 0 2 0 2 0 0 41 0 0 0 1 0 0 0 6 0 11 72 22 1 45 8 4 31 7 0 66 5 47 18 0 0 0 0 0 0 44 0 0 0 0 0 1 8 2 0 1 6 16 0 3 227 15 0 7 0 21 30 16 0 91 0 4 3 53 0
0 0 3 2 0 15 15 1 0 3 3 0 9 6 0 1 2 21 0 0 0 0 55 6 16 0 1 2 16 0 0 0 1 21 350 0 5 2 7 0 0 8 0 0 1 4 0 1 0 0 33 0 0 0 4 0 0 0 10 0 27 37 21 1 35 22 0 39 5 0 62 9 37 28 0 0 0 0 0 2 40 0 0 0 0 0 10 8 3 5 0 7 26 1 1 293 15 1 11 0 15 30 9 0 62 1 1 0 29 0
0 0 1 1 1 13 19 4 0 0 1 1 2 16 0 1 3 21 0 0 0 0 68 1 12 1 1 2 27 0 0 4 2 15 328 0 0 0 11 0 0 2 0 0 0 3 0 0 0 0 24 0 0 0 4 0 0 0 22 0 14 40 20 1 26 44 0 49 10 3 65 13 30 60 0 0 0 0 0 1 27 0 0 0 0 0 13 10 4 1 2 6 45 0 3 332 10 1 8 0 15 22 8 0 46 0 0 0 14 0
0 1 1 1 0 14 26 1 0 15 4 10 32 34 0 0 19 93 13 0 0 5 27 2 50 14 0 0 9 0 0 1 0 4 251 3 5 40 13 0 0 1 0 0 1 2 0 0 1 0 70 0 0 2 4 0 1 0 17 0 31 63 17 1 20 2 2 59 18 0 74 7 15 23 0 0 2 1 0 0 78 0 0 0 0 6 10 8 3 1 6 1 21 2 2 291 16 11 3 1 5 22 25 0 36 7 3 2 28 0
0 3 4 1 1 19 19 1 0 1 8 0 9 23 0 1 5 48 6 1 0 1 43 2 8 4 0 0 2 0 0 2 0 12 303 0 0 14 7 0 0 0 0 0 0 5 0 0 1 0 30 0 0 1 2 1 0 0 14 0 20 54 18 1 18 0 0 50 37 0 42 4 25 73 0 0 0 0 0 2 41 0 0 0 0 3 5 1 4 1 4 11 26 0 6 267 8 0 5 1 10 14 15 0 88 2 0 0 28 0
0 0 3 6 1 23 7 1 0 34 3 5 42 25 0 2 8 74 6 0 0 0 34 1 23 2 1 0 5 0 8 2 0 5 256 0 4 30 6 0 0 1 0 0 0 13 0 1 0 0 63 0 1 0 5 1 0 0 26 0 17 56 17 1 28 10 21 55 4 0 80 0 15 23 4 0 1 0 1 1 76 0 0 0 0 0 9 9 0 6 5 5 20 1 4 297 15 10 8 0 12 23 12 0 43 2 2 1 27 0
0 0 4 2 1 11 26 0 0 13 2 1 17 13 0 1 3 47 12 6 0 0 34 1 27 3 0 2 19 0 2 2 7 12 304 0 16 12 6 0 0 0 0 0 0 1 0 2 0 0 48 0 0 0 7 0 1 0 12 0 34 50 19 1 37 10 0 33 16 0 90 7 25 36 0 0 0 2 1 0 57 0 0 0 0 2 9 7 3 0 3 3 32 0 9 322 19 6 1 1 9 17 14 0 38 1 3 0 18 0
0 1 9 4 1 14 17 3 0 45 0 10 59 34 0 0 15 106 12 0 0 7 34 0 18 1 0 0 2 0 0 0 0 3 194 1 2 34 9 1 0 0 0 0 0 2 0 0 3 0 70 0 0 1 8 0 0 0 22 0 30 97 18 1 19 4 0 72 10 0 95 1 4 10 4 0 0 1 1 1 89 0 0 0 0 9 16 6 2 0 10 0 13 1 3 287 8 17 5 0 6 20 29 0 46 9 2 3 26 0
0 0 9 0 2 16 3 0 0 24 25 2 52 6 0 0 1 76 17 0 0 4 24 3 6 1 0 3 2 0 0 0 0 6 294 0 0 25 17 0 0 1 0 0 2 4 0 2 0 1 56 0 0 0 1 1 0 0 6 0 25 50 20 1 18 4 0 49 34 0 74 0 13 73 0 0 0 0 5 0 71 0 0 0 0 16 4 1 7 2 10 5 27 3 4 284 4 4 0 0 3 9 15 0 73 1 0 6 19 0
