0 4 10 2 3 12 5 1 0 6 11 30 51 12 0 3 8 72 6 1 0 4 3 2 25 10 0 1 0 0 0 0 0 7 156 0 2 13 3 0 0 0 1 0 1 7 0 0 1 0 42 0 1 1 6 8 1 3 4 0 56 88 13 1 21 0 45 30 8 15 69 0 0 7 8 0 10 5 1 1 78 0 0 0 0 12 8 8 7 0 17 0 40 7 0 252 1 15 0 0 1 7 27 1 22 6 5 1 14 2
0 8 6 3 5 11 5 0 0 19 19 35 78 21 0 5 11 117 17 0 5 5 4 2 9 9 0 0 0 0 0 0 2 6 149 1 1 13 4 0 0 0 0 0 1 2 0 0 0 0 31 0 0 0 3 2 0 1 11 0 32 52 12 1 15 0 84 41 21 8 77 0 0 3 2 0 5 4 1 1 59 0 0 0 0 16 4 1 16 1 17 0 32 1 1 235 1 9 0 0 2 8 9 1 25 3 3 2 24 1
0 18 20 1 10 22 2 0 0 21 11 33 70 15 0 1 13 88 3 0 0 2 5 5 55 14 9 1 3 0 0 0 0 20 219 10 0 6 5 1 0 2 0 0 0 5 0 2 0 1 63 0 1 1 7 3 2 13 7 0 65 83 16 1 31 0 0 29 6 11 128 0 1 0 0 21 0 4 0 2 111 0 0 0 0 13 8 3 3 1 26 0 29 3 2 252 1 7 0 2 12 27 19 1 30 4 3 2 26 1
0 8 21 1 4 18 5 0 0 24 20 49 98 35 0 6 26 141 7 0 0 2 6 2 0 0 0 0 0 0 0 1 0 10 150 1 1 16 7 0 0 1 0 0 0 3 0 1 0 1 80 0 0 2 5 0 0 6 3 0 57 68 16 1 14 0 82 52 23 13 83 0 2 0 4 6 0 3 1 0 116 0 0 0 0 24 3 2 3 1 19 0 16 5 12 220 0 6 0 4 8 22 8 1 24 9 5 1 40 0
0 22 27 4 8 15 1 0 0 29 32 28 93 18 0 1 12 119 7 0 0 1 2 0 22 3 5 0 0 0 0 0 0 30 199 6 0 14 3 0 0 0 1 0 0 2 0 0 0 1 47 0 0 1 5 2 0 4 3 0 48 87 18 1 20 0 48 28 15 17 77 0 1 0 6 26 4 7 0 1 113 0 0 0 0 21 2 2 10 0 31 0 22 0 6 258 0 4 0 5 3 8 25 0 52 6 1 4 20 0
0 11 13 1 8 13 4 2 0 8 11 40 69 15 0 2 6 93 8 0 1 1 3 4 22 8 0 0 1 0 0 1 1 16 156 0 4 17 7 0 0 0 0 0 1 0 0 0 2 0 31 0 3 2 3 1 0 2 10 0 35 107 13 1 21 0 31 42 9 1 75 0 0 4 14 0 6 1 0 0 68 0 0 0 0 16 10 4 6 0 20 1 11 1 16 226 2 11 1 1 2 14 21 0 29 2 3 2 16 0
0 7 10 2 4 15 13 3 0 2 0 32 35 29 1 3 16 79 7 0 0 3 3 1 24 20 2 0 1 0 0 0 1 56 190 1 3 15 4 2 0 2 1 0 0 9 0 0 0 0 44 1 6 2 0 4 1 7 7 1 41 83 13 1 24 2 34 45 4 0 92 0 3 0 0 6 2 2 0 0 79 0 0 0 0 9 14 4 1 1 6 0 17 6 14 209 2 6 0 8 5 16 12 0 25 6 5 8 33 0
0 2 4 1 3 8 6 0 0 16 14 33 66 13 0 0 7 92 12 0 0 3 4 2 10 0 0 1 1 1 0 2 0 6 125 5 3 17 9 0 0 1 1 1 1 3 0 2 0 2 27 0 0 0 3 0 0 1 8 0 48 119 15 1 22 0 65 30 16 5 68 0 2 0 4 1 4 7 0 0 45 0 0 0 0 26 13 4 9 0 20 0 21 4 2 234 2 14 0 2 8 33 24 0 11 0 0 4 22 1
0 1 9 2 13 5 12 10 0 10 11 39 61 12 0 1 5 82 7 0 0 5 4 0 7 7 0 0 0 0 0 0 0 19 138 2 3 20 12 0 0 1 0 0 4 1 0 0 4 1 35 0 0 2 8 4 0 3 5 0 49 97 13 1 21 0 34 37 7 10 87 0 3 5 6 1 1 1 0 1 52 0 0 0 0 25 4 7 5 3 14 0 18 3 3 207 1 6 0 2 6 32 20 2 37 5 2 5 26 2
0 7 10 4 6 10 5 0 0 12 18 37 71 22 0 2 10 103 9 0 0 5 6 5 14 2 1 0 1 0 0 0 0 14 143 2 3 20 5 0 0 0 0 0 1 3 0 0 0 0 49 0 1 0 5 1 0 2 3 0 55 94 13 1 20 2 67 43 15 2 67 0 0 1 2 1 10 4 0 1 86 0 0 0 0 25 10 5 4 1 9 0 18 7 1 232 2 13 0 3 3 16 23 1 32 6 6 5 23 1
0 11 7 2 3 8 12 9 0 8 8 44 65 13 0 1 8 89 11 0 1 5 4 3 47 27 0 0 0 0 0 0 0 16 146 7 2 4 2 0 0 0 0 0 1 2 0 0 0 1 41 1 0 1 5 2 1 5 2 0 55 87 12 1 15 0 34 52 14 4 81 0 1 2 32 2 7 1 0 1 72 0 0 0 0 16 3 5 8 0 18 0 27 4 3 214 3 9 0 3 1 10 18 2 24 5 3 3 17 3
0 25 17 3 10 8 3 0 0 12 28 61 104 48 0 1 43 159 7 0 0 4 13 6 4 1 1 0 1 1 0 0 0 4 178 3 6 23 6 1 0 0 0 0 0 2 0 4 0 0 92 0 0 1 2 2 4 6 2 0 85 67 18 1 16 0 65 46 15 35 92 0 2 0 10 4 0 3 5 0 147 0 0 0 0 42 6 3 3 0 24 0 27 3 13 276 1 14 0 4 16 26 13 6 36 7 5 6 51 2
0 24 22 0 16 28 12 1 0 2 1 38 42 29 0 0 25 76 4 0 1 2 1 4 23 7 2 1 3 0 0 0 1 21 203 3 2 8 5 0 0 0 0 0 1 5 0 1 0 0 77 0 2 0 3 0 2 13 5 0 62 66 16 1 30 2 0 34 6 5 120 0 4 0 2 4 0 1 1 0 127 0 0 0 0 9 8 0 0 0 29 0 20 4 11 246 0 4 1 0 9 15 8 0 33 3 5 0 31 1
0 7 12 5 10 8 34 27 0 16 9 27 56 18 1 3 9 82 7 0 0 3 8 0 13 0 6 6 0 0 0 1 2 28 135 3 0 14 6 0 0 0 0 0 7 3 0 0 0 1 43 0 0 0 3 4 0 1 10 0 54 89 14 1 25 0 42 29 9 8 91 0 2 3 0 0 13 0 0 0 80 0 0 0 0 39 1 5 8 0 14 0 20 2 3 209 1 9 0 1 5 21 16 3 15 1 3 5 17 2
0 16 17 0 4 23 10 0 0 15 14 26 57 28 1 3 16 91 6 0 0 4 7 4 36 14 3 0 2 1 0 0 2 14 199 3 0 9 8 0 1 0 1 0 1 0 0 0 0 0 57 0 0 1 2 1 3 3 13 0 60 96 16 1 26 0 0 24 8 20 123 0 4 0 6 15 0 6 0 0 98 0 0 0 0 19 2 4 1 0 26 1 18 5 6 264 1 7 0 3 9 16 8 0 38 6 8 1 35 0
0 17 16 1 4 22 4 0 0 15 10 58 88 31 0 6 21 133 14 0 0 5 7 5 0 0 0 0 4 1 0 0 0 4 147 2 2 24 7 0 0 2 0 0 0 4 0 1 0 0 81 0 0 0 1 1 0 6 2 0 56 63 17 1 18 0 76 39 22 9 96 0 2 0 2 11 0 6 1 0 122 0 0 0 0 15 1 1 0 0 16 0 25 8 15 215 0 3 0 3 16 31 9 5 25 5 1 4 47 0
0 10 17 3 6 27 13 6 0 16 22 42 83 22 0 0 19 107 2 0 0 1 4 0 25 10 6 1 3 0 0 0 1 25 214 5 1 21 4 1 0 0 1 0 0 1 0 2 1 0 62 0 2 2 2 2 3 4 4 0 52 72 16 1 26 0 0 29 10 12 124 0 3 0 4 11 0 2 3 0 103 0 0 0 0 18 1 3 4 0 22 0 29 1 5 259 0 12 0 2 9 20 18 0 34 5 3 1 38 0
0 17 24 3 3 33 12 0 0 5 11 20 42 19 0 2 14 73 9 0 1 5 2 0 24 3 9 0 0 0 0 0 0 27 216 9 0 11 7 0 0 1 0 0 0 4 0 0 1 0 40 0 0 1 6 15 1 11 5 0 54 68 17 1 25 0 47 24 13 15 86 0 0 0 0 25 2 5 0 0 92 0 0 0 0 22 4 1 3 0 34 0 22 1 12 258 0 5 0 0 3 7 17 2 46 5 5 1 25 5
0 4 17 2 5 15 8 0 0 13 7 78 108 18 0 0 9 133 6 0 0 0 4 3 5 3 2 0 0 0 0 0 1 7 113 1 1 13 9 1 0 1 0 0 3 3 0 0 1 0 57 0 0 1 3 1 1 2 2 0 37 82 14 1 29 0 18 28 9 3 68 5 2 1 14 3 9 2 0 0 93 0 0 0 0 12 15 4 5 0 19 0 22 4 4 224 0 11 0 3 6 27 14 0 31 5 2 2 19 2
0 21 25 1 7 20 13 4 0 12 17 4 36 17 0 3 10 65 11 0 0 5 0 0 25 6 9 0 2 0 0 1 0 27 229 1 0 13 3 2 0 0 0 0 1 1 0 0 0 0 43 0 0 1 5 13 0 7 7 0 79 78 17 1 24 0 47 30 7 14 92 0 0 0 2 26 0 6 0 0 99 0 0 0 0 26 3 3 3 2 23 0 27 2 2 248 1 7 0 4 0 7 20 1 35 4 1 4 23 4
