0 3 2 0 4 26 4 0 0 5 0 2 9 31 0 0 9 43 1 0 1 0 84 9 0 0 0 0 5 0 0 0 0 8 271 0 5 7 5 0 0 4 0 0 0 1 0 5 0 0 74 0 0 0 3 1 0 0 34 0 52 49 21 1 34 42 28 32 3 0 51 4 6 4 0 3 0 0 0 4 85 0 0 0 0 2 3 1 1 4 3 5 26 1 6 291 1 4 0 5 20 27 8 0 49 1 3 3 29 0
0 4 4 4 2 35 12 0 0 5 3 4 19 21 0 0 7 44 4 0 0 3 38 2 0 0 0 0 0 0 0 0 0 7 247 0 25 13 1 0 0 4 0 4 0 5 0 3 0 0 78 0 0 0 5 4 0 0 14 1 67 64 23 1 53 24 10 24 9 0 75 6 5 0 0 7 0 1 0 0 91 0 0 0 0 0 7 3 7 0 4 9 6 2 3 287 2 9 2 9 19 52 18 0 46 3 1 0 28 0
0 2 6 3 3 12 10 0 0 4 0 6 24 24 0 0 3 53 3 0 0 2 45 3 5 0 0 0 1 0 0 1 0 8 258 0 19 17 7 0 0 0 0 1 2 6 0 4 0 0 75 1 0 0 7 0 0 0 10 0 66 38 22 1 75 18 0 24 1 0 109 17 4 0 0 0 1 0 2 7 99 0 0 0 0 0 9 1 1 0 7 2 5 0 1 260 6 8 4 3 13 38 5 0 71 2 0 0 27 0
0 2 11 2 0 35 6 1 0 1 0 7 21 18 0 1 5 41 2 0 0 1 61 3 0 0 0 0 0 0 0 1 5 18 269 0 6 12 5 0 0 0 0 0 1 22 0 5 0 0 67 0 0 0 2 1 0 1 4 0 34 42 20 1 55 40 0 34 2 0 90 6 2 0 0 0 2 0 1 6 92 0 0 0 0 1 24 4 3 1 7 3 7 3 1 277 3 19 3 5 27 42 4 0 34 0 0 1 17 0
0 0 6 0 1 20 32 4 0 0 0 4 4 16 0 3 6 24 1 0 0 0 13 2 100 25 3 31 36 1 0 15 1 46 377 1 0 7 7 0 0 2 0 0 2 10 0 2 2 0 31 0 5 1 7 9 0 3 15 1 31 43 16 1 36 10 28 44 0 0 83 1 45 0 0 5 1 0 2 7 53 0 0 0 0 0 10 3 4 0 6 0 23 2 15 236 0 4 0 4 13 23 5 0 46 1 2 16 36 0
0 0 10 2 2 16 13 3 0 10 0 2 14 27 0 1 15 56 7 0 0 5 53 0 27 4 1 15 2 1 0 15 0 14 336 2 1 37 8 0 0 1 0 0 0 12 0 9 0 0 102 0 0 0 4 3 0 1 11 1 36 53 19 1 59 44 0 25 2 0 63 5 19 0 0 3 5 3 5 2 129 0 0 0 0 0 7 5 3 0 10 3 5 4 4 284 3 6 1 1 20 30 12 0 31 3 0 1 33 0
0 0 8 2 1 29 3 0 0 0 0 10 10 12 0 0 1 36 2 0 0 2 59 0 9 6 0 3 0 0 0 0 10 25 370 0 11 12 6 0 0 5 0 0 0 13 0 7 2 0 87 1 0 1 9 1 0 0 11 0 37 39 22 1 49 18 0 35 0 0 64 0 16 2 0 0 3 0 0 4 106 0 0 0 0 0 11 3 1 2 5 0 12 0 6 247 1 4 0 6 35 58 5 0 27 1 1 1 21 0
0 3 6 1 4 25 6 0 0 2 0 6 18 38 0 2 7 59 1 0 0 1 53 0 1 0 0 0 0 0 0 0 0 8 288 0 18 9 4 0 0 3 1 1 4 8 0 3 0 0 89 1 0 0 4 0 0 0 8 0 60 62 24 1 61 28 0 24 6 0 70 0 2 2 0 0 0 1 0 5 106 0 0 0 0 0 21 1 2 0 6 4 16 0 2 297 0 13 0 8 18 51 12 0 19 1 0 4 9 0
0 1 11 0 0 28 6 0 0 0 0 4 4 12 0 1 3 17 1 0 0 1 79 1 1 1 0 0 0 0 0 0 1 29 301 1 3 3 7 0 0 1 1 0 0 9 0 3 0 0 84 1 0 0 4 2 0 0 13 0 28 39 22 1 62 55 0 31 2 0 89 0 5 2 0 0 1 1 0 6 105 0 0 0 0 0 16 3 3 1 4 0 19 0 0 273 3 16 0 4 30 50 2 0 36 0 2 0 10 0
0 3 4 3 1 15 22 6 0 4 0 1 10 18 0 0 10 31 1 0 0 0 20 0 75 13 5 27 17 1 2 3 3 39 339 1 0 7 4 0 0 0 0 0 1 2 0 0 0 0 38 0 1 0 7 8 0 0 27 0 36 50 18 1 29 78 23 55 0 0 98 0 19 0 0 7 0 0 4 1 54 0 0 0 0 1 10 2 0 0 4 0 20 0 30 201 0 0 0 1 8 12 4 0 79 6 2 6 37 0
0 0 8 1 4 28 10 7 0 5 0 11 19 21 0 4 3 40 0 0 0 0 9 1 76 18 7 27 20 1 0 5 0 46 309 3 2 6 12 0 0 1 0 0 0 3 0 2 0 0 30 0 10 0 2 13 1 4 12 0 43 65 17 1 27 24 28 48 2 0 94 5 2 0 0 10 0 0 6 0 55 0 0 0 0 6 6 5 0 0 3 1 20 1 27 233 3 5 1 1 7 11 11 0 60 2 12 8 37 0
0 1 3 0 2 28 6 0 0 11 2 2 18 32 0 0 10 57 5 0 0 2 23 0 7 2 0 0 13 1 7 21 0 18 295 0 12 17 6 0 0 1 0 0 3 14 0 7 0 1 49 0 6 0 4 5 0 2 22 0 20 73 20 1 53 35 0 31 0 4 82 5 40 0 0 7 0 0 6 4 69 0 0 0 0 0 20 3 2 0 3 0 5 1 6 262 10 10 0 10 17 34 9 0 43 4 5 3 23 0
