0 4 13 3 2 18 9 0 0 27 8 6 45 24 0 2 11 81 7 0 0 2 27 4 27 1 1 23 11 6 0 0 1 13 236 4 6 26 2 1 0 0 0 0 0 10 0 0 4 1 58 1 3 2 4 6 1 6 17 0 51 96 16 1 38 2 3 41 2 0 98 0 18 0 8 5 2 3 4 0 95 0 0 0 0 6 12 4 5 0 12 2 36 9 8 307 5 11 2 6 8 26 20 0 35 14 0 1 14 1
0 4 14 1 5 23 2 0 0 0 6 22 39 18 0 0 11 66 7 0 0 0 8 6 37 18 4 1 7 0 0 4 6 49 269 3 3 24 10 1 0 0 1 0 3 4 0 1 0 0 69 2 1 0 4 2 4 3 9 0 62 113 17 1 25 10 10 52 7 0 104 0 4 0 0 2 3 7 0 0 102 0 0 0 0 14 10 7 5 0 11 0 19 15 9 246 1 6 0 7 13 40 17 0 19 4 0 0 13 0
0 4 10 1 6 23 11 1 0 29 1 6 39 28 2 1 9 84 5 0 0 1 33 2 2 1 0 1 10 0 0 0 0 8 205 9 5 18 6 0 0 0 0 0 4 7 0 2 0 0 62 0 0 1 4 5 4 5 7 0 60 106 16 1 43 2 10 35 0 2 100 0 10 0 2 2 3 4 1 1 87 0 0 0 0 6 19 2 4 1 19 0 20 7 3 292 1 6 1 3 12 44 15 0 33 6 3 8 32 0
0 0 6 3 1 13 10 0 0 0 0 4 4 12 0 0 9 35 11 0 0 6 47 1 2 0 1 0 17 13 0 1 3 5 275 2 3 17 10 0 0 1 2 0 2 0 0 4 0 0 76 0 0 0 5 0 0 2 8 2 51 103 18 1 29 0 16 47 5 0 108 2 11 0 0 3 2 1 2 1 92 0 0 0 0 3 22 4 2 2 21 0 13 8 3 323 5 18 1 3 14 29 23 0 48 6 0 8 17 0
0 1 7 4 8 26 13 0 0 4 0 17 23 13 0 3 4 39 3 0 0 1 27 5 27 4 0 22 42 35 0 6 0 13 314 1 4 22 2 1 0 0 0 0 2 6 0 1 0 0 60 0 0 0 11 5 0 2 16 1 46 87 16 1 45 2 30 35 2 1 102 1 11 0 4 7 0 2 0 0 75 0 0 0 0 1 9 6 6 0 5 3 36 5 3 251 2 7 2 1 5 26 12 0 54 11 4 13 41 1
0 2 8 1 6 31 26 0 0 17 8 13 43 21 0 1 11 69 4 0 0 1 12 2 30 2 4 3 20 7 3 1 2 18 317 0 3 29 6 0 0 0 0 0 1 4 0 0 0 0 68 0 0 0 2 2 0 3 8 0 42 70 16 1 43 12 18 36 0 1 97 4 20 0 5 6 2 2 0 1 84 0 0 0 0 8 3 4 3 2 8 0 25 5 10 225 3 4 2 4 7 16 14 0 44 9 3 6 31 0
0 2 2 1 4 11 7 0 0 15 7 9 31 33 0 6 9 72 3 0 0 1 10 13 17 9 0 1 38 13 0 4 1 14 268 0 3 22 8 0 0 2 0 0 0 3 0 0 2 0 47 0 0 3 4 2 2 0 10 0 69 84 16 1 30 12 2 38 1 0 92 6 4 0 14 6 3 2 0 1 61 0 0 0 0 7 14 2 5 0 8 1 27 2 4 218 2 6 1 2 6 17 15 0 87 4 1 4 72 0
0 2 3 1 6 20 13 0 0 21 1 12 35 33 0 2 19 73 5 0 0 4 19 7 11 0 4 2 26 3 0 0 1 11 226 8 1 24 16 1 0 1 1 0 1 4 0 0 0 0 76 0 0 0 6 7 1 3 10 1 53 75 16 1 44 4 38 26 9 2 94 2 7 0 4 16 8 5 1 0 97 0 0 0 0 4 18 8 6 2 11 0 29 1 0 275 3 7 0 1 13 34 15 0 56 22 2 5 24 0
0 1 7 2 2 13 12 2 0 3 5 5 19 22 0 2 6 53 3 0 0 2 23 0 21 8 2 1 9 4 0 1 1 28 276 6 4 20 17 0 0 0 1 0 0 4 0 1 0 0 66 0 3 2 2 2 0 1 7 1 43 96 16 1 35 23 22 43 2 0 82 1 9 0 0 0 2 1 0 2 86 0 0 0 0 7 18 5 6 3 12 0 19 6 6 275 6 7 2 0 7 22 15 0 38 6 3 6 34 0
0 0 11 2 2 17 7 0 0 11 0 18 37 27 0 0 8 72 2 0 0 1 22 2 14 1 1 7 11 11 0 3 0 27 261 4 0 25 25 0 0 2 4 2 1 6 0 2 4 1 78 0 2 2 2 5 1 1 13 0 57 91 17 1 46 28 4 36 1 0 96 0 5 0 2 4 4 2 1 1 103 0 0 0 0 4 19 5 6 2 8 0 17 1 3 288 6 8 1 4 16 41 17 0 42 6 2 4 27 0
0 2 20 1 3 19 11 0 0 34 0 18 60 26 1 0 14 96 9 0 1 1 13 2 1 1 0 0 14 0 0 7 0 10 207 5 0 20 9 0 0 1 3 1 6 10 0 1 6 0 71 0 0 4 6 1 5 1 3 1 59 116 17 1 40 0 16 37 1 1 89 2 7 0 2 7 8 3 0 1 112 0 0 0 0 13 13 4 5 0 15 0 38 4 1 276 0 15 1 4 8 37 14 0 34 8 1 6 25 0
0 0 13 0 4 16 3 0 0 13 1 8 25 19 0 0 9 49 2 0 0 2 44 3 0 0 0 0 23 6 0 0 0 7 288 3 0 22 8 0 0 6 2 0 4 5 0 0 1 0 57 0 0 1 8 1 0 1 7 0 60 86 20 1 41 0 26 38 2 0 107 0 14 0 2 2 1 2 0 1 75 0 0 0 0 3 16 4 6 1 10 1 28 1 0 288 2 4 2 3 12 51 13 0 35 8 0 7 16 0
0 0 4 3 4 10 11 2 0 2 1 2 5 15 0 1 4 26 6 0 0 1 23 5 7 0 1 6 20 10 0 0 1 5 341 1 3 17 10 0 0 6 0 0 3 3 0 1 3 0 70 0 0 1 6 9 2 0 7 0 88 67 17 1 25 2 12 47 4 0 84 12 12 0 0 24 0 0 1 5 84 0 0 0 0 2 11 2 6 0 5 0 13 6 2 208 1 6 1 3 7 30 7 0 63 5 2 2 38 0
0 5 13 4 3 24 26 0 0 31 1 7 46 29 1 9 10 86 9 0 0 2 10 5 28 0 1 18 11 8 1 3 10 6 248 5 5 21 11 1 0 0 1 0 1 11 0 0 2 0 63 0 2 2 5 0 0 0 9 2 62 111 15 1 44 2 12 33 1 3 91 3 8 0 2 6 6 2 1 0 100 0 0 0 0 3 8 9 2 1 12 0 22 4 3 244 7 20 2 3 8 23 19 0 44 10 7 6 25 0
0 0 6 1 2 22 10 0 0 8 1 6 15 14 0 3 5 32 3 1 0 1 22 2 18 2 0 15 27 26 0 0 0 13 270 2 1 9 5 0 0 1 0 0 0 7 0 2 0 0 39 1 1 0 12 3 0 1 7 0 65 96 17 1 31 6 4 51 1 0 88 21 17 0 1 30 0 0 0 5 54 0 0 0 0 2 21 9 5 0 8 0 28 2 1 256 3 5 0 4 10 32 18 0 74 2 6 36 52 0
0 3 7 0 3 15 23 1 0 9 2 2 21 13 0 0 5 44 5 0 0 1 23 6 10 0 1 4 39 32 0 3 2 19 280 0 3 18 4 0 0 1 0 1 1 4 0 2 0 0 68 1 5 0 1 2 1 0 10 1 51 79 16 1 33 6 6 41 1 4 109 1 8 0 9 2 0 0 1 1 86 0 0 0 0 8 7 1 7 1 9 0 40 9 1 283 8 3 7 4 10 22 9 0 62 6 4 9 32 1
0 2 13 0 6 23 9 0 0 29 7 14 51 24 1 0 16 77 0 0 0 0 24 2 32 1 4 24 16 10 1 7 0 19 270 1 2 19 4 0 0 0 1 0 2 15 0 1 4 0 65 0 0 4 7 4 0 1 10 0 49 72 16 1 32 2 23 47 2 0 86 3 5 0 4 4 3 2 2 1 92 0 0 0 0 7 7 2 4 0 13 2 18 6 3 252 4 13 1 4 23 43 17 0 46 8 4 8 29 0
0 2 7 0 6 20 2 0 0 5 2 25 44 13 0 1 8 66 5 0 0 2 6 3 41 10 6 0 6 0 0 4 1 63 287 0 0 24 10 1 0 0 2 2 4 0 0 0 4 1 61 0 2 2 8 5 0 2 14 0 75 105 17 1 24 10 10 58 2 1 89 0 7 0 0 0 3 4 1 1 84 0 0 0 0 16 18 5 3 0 8 0 23 12 6 238 5 12 0 7 7 32 22 0 22 1 1 2 19 0
0 2 8 2 4 17 23 0 0 6 3 13 27 25 0 1 10 64 7 0 1 0 19 4 29 2 3 2 9 4 0 3 0 12 254 1 0 17 10 0 0 1 2 0 4 12 0 2 4 0 74 0 2 2 3 0 2 0 5 1 56 80 17 1 49 6 24 33 0 1 92 1 11 0 2 6 3 1 0 0 94 0 0 0 0 5 10 8 9 0 15 1 25 2 0 293 3 11 3 2 9 25 14 0 57 11 6 6 29 0
0 3 30 2 9 16 9 1 0 29 1 4 38 25 0 3 13 76 7 0 1 2 3 0 10 4 0 1 6 0 0 0 0 28 223 0 1 26 5 0 0 1 0 0 4 2 0 1 5 1 79 0 4 2 4 6 3 3 10 0 71 123 17 1 43 4 10 30 3 1 91 2 3 0 0 3 0 1 0 0 121 0 0 0 0 13 5 4 12 0 19 0 18 2 2 234 0 6 0 4 14 31 22 2 51 14 5 1 38 0
0 3 8 1 8 20 11 2 0 14 19 5 48 23 0 5 12 85 7 0 0 2 16 8 15 1 0 5 16 1 1 2 0 10 222 4 1 29 6 0 0 0 0 0 2 3 0 0 0 0 53 0 0 1 9 9 1 5 9 0 72 119 16 1 35 4 10 43 0 1 95 3 4 0 0 6 4 2 0 2 74 0 0 0 0 6 19 8 11 1 16 1 21 3 8 281 5 9 2 1 6 27 27 0 37 6 4 7 29 0
0 6 13 4 8 17 9 1 0 33 8 14 59 35 1 7 16 102 6 0 0 0 11 9 6 3 0 0 4 3 0 0 2 7 212 1 3 28 14 0 0 0 0 0 4 6 0 0 0 0 50 1 0 0 4 1 0 2 5 0 59 117 17 1 45 0 10 30 4 0 119 0 17 0 0 4 0 0 2 3 79 0 0 0 0 26 11 1 6 0 20 0 19 5 4 258 2 6 2 2 11 34 22 0 32 8 7 1 20 1
0 2 9 1 10 11 8 0 0 11 4 7 30 32 0 0 24 75 8 0 0 2 14 1 15 0 0 0 8 2 0 0 0 6 222 4 4 37 6 0 0 0 0 2 5 6 0 1 1 0 50 0 2 2 3 5 0 3 4 0 49 114 17 1 49 8 24 27 3 0 128 4 7 0 2 5 1 0 1 0 68 0 0 0 0 8 16 6 2 1 12 0 32 5 6 296 1 6 0 3 7 43 25 0 25 7 3 0 13 0
0 6 9 5 13 15 10 0 0 11 2 15 32 23 0 3 12 59 2 0 0 1 10 2 16 13 0 0 13 9 5 3 0 20 289 5 2 33 3 0 0 0 1 0 1 5 0 0 0 0 52 0 1 0 8 1 2 1 17 2 50 94 17 1 43 6 8 34 1 0 98 0 10 0 0 2 0 2 2 0 77 0 0 0 0 5 9 2 8 1 12 0 26 5 2 256 9 9 0 1 5 20 19 0 52 1 10 4 35 2
0 1 14 3 2 16 9 0 0 9 1 6 22 23 0 0 12 53 7 0 0 3 44 3 2 0 0 0 6 3 0 0 1 8 276 3 2 21 5 3 0 1 2 0 1 3 0 0 2 0 64 1 0 2 5 1 0 0 13 1 32 100 17 1 39 2 6 40 1 0 120 1 15 0 0 2 0 2 0 3 94 0 0 0 0 8 15 4 9 0 6 1 24 5 2 287 7 6 5 3 14 36 21 0 35 6 4 3 26 0
0 6 17 1 10 15 11 0 0 23 0 4 31 34 1 2 18 73 1 0 0 1 9 8 4 1 0 2 6 4 0 0 0 17 216 2 0 25 12 0 0 0 1 0 1 5 0 0 0 3 62 0 0 0 6 3 2 2 3 1 66 124 17 1 48 0 4 28 3 1 126 0 4 0 0 2 1 2 0 0 89 0 0 0 0 22 12 5 2 1 15 1 20 2 3 266 2 10 2 3 17 37 25 0 41 12 2 1 29 0
0 1 3 0 4 22 4 0 0 5 1 4 13 24 0 3 10 47 2 0 0 1 40 4 1 0 0 0 0 0 0 0 4 9 297 1 4 23 18 0 0 2 1 2 3 3 0 2 0 0 71 1 1 0 10 6 0 2 5 0 66 94 20 1 51 0 10 29 4 0 121 4 7 0 0 0 0 0 1 1 79 0 0 0 0 8 19 4 9 0 8 4 28 6 2 289 1 4 3 0 17 43 14 0 23 11 3 0 8 0
0 2 9 1 6 30 31 2 0 9 1 3 16 22 0 1 14 43 2 0 1 0 46 1 5 0 0 2 24 15 2 2 0 6 285 2 4 22 7 1 0 1 0 0 1 20 0 3 2 1 89 0 2 2 2 0 1 1 13 0 36 99 18 1 58 0 14 31 1 0 77 0 7 0 0 1 0 2 2 1 111 0 0 0 0 2 18 8 3 2 10 0 19 3 3 273 2 6 1 5 17 34 11 0 37 3 7 3 36 0
0 0 2 1 3 27 45 6 0 4 0 1 7 14 0 0 3 27 1 0 0 0 18 4 6 1 1 0 11 0 0 0 0 28 262 1 2 27 10 0 0 2 0 0 0 4 0 4 0 0 56 1 3 1 13 6 0 2 2 0 84 80 17 1 40 4 37 37 0 0 102 4 21 0 5 6 0 2 1 3 70 0 0 0 0 0 9 8 4 0 9 0 21 8 9 266 3 10 1 5 4 14 7 0 46 2 3 13 27 2
0 2 15 2 8 17 16 1 0 19 0 5 28 32 0 3 11 75 10 0 1 3 14 8 5 0 0 0 13 1 0 0 2 10 201 1 1 26 9 1 0 0 3 0 1 7 0 0 2 1 79 0 0 1 6 0 0 2 7 0 72 144 19 1 68 4 6 20 2 0 99 0 5 0 0 0 0 3 0 0 103 0 0 0 0 17 15 2 6 0 26 2 13 3 2 278 0 13 1 2 6 30 18 0 35 10 8 2 31 0
0 2 9 1 5 21 25 2 0 3 8 20 35 26 0 0 11 76 7 0 0 1 20 8 15 1 1 0 6 1 0 1 2 9 236 1 7 24 10 1 0 0 0 0 1 4 0 0 1 0 71 1 5 0 6 4 0 1 10 0 49 80 16 1 43 16 20 35 5 0 94 3 18 0 0 3 0 0 0 3 93 0 0 0 0 5 8 7 9 0 3 2 24 13 4 274 1 15 1 2 14 30 14 0 46 11 6 8 29 0
0 2 26 2 0 19 15 0 0 39 3 3 45 22 0 0 16 73 4 0 1 1 31 3 4 1 0 1 5 3 0 6 1 18 199 3 1 15 6 0 0 1 0 0 0 9 0 1 3 0 54 0 2 3 2 0 1 2 12 0 46 81 16 1 28 2 34 46 4 5 98 0 12 0 11 5 5 1 0 0 95 0 0 0 0 12 10 2 5 2 15 0 21 6 0 252 0 8 0 4 2 14 9 0 60 5 3 8 43 1
