0 5 13 0 10 13 20 4 0 16 13 7 36 24 1 4 11 69 8 0 1 4 4 8 59 16 3 0 3 0 0 2 5 37 280 1 3 13 9 3 0 1 0 0 0 2 0 0 2 0 50 0 1 2 5 14 2 0 4 0 67 90 14 1 24 20 5 32 6 21 99 2 1 0 17 32 2 2 0 1 79 0 0 0 0 16 5 8 3 1 14 0 21 11 13 236 0 10 0 3 4 16 12 0 25 6 5 11 28 0
0 4 10 1 0 23 6 0 0 9 20 16 47 38 0 3 24 101 13 1 0 3 8 7 39 16 2 0 8 0 0 4 1 36 237 0 2 18 6 0 0 2 2 2 1 3 0 0 0 0 47 1 1 0 2 7 0 5 12 0 76 105 15 1 23 10 2 35 14 14 110 0 2 0 4 23 5 7 1 0 77 0 0 0 0 12 10 2 4 2 6 1 17 4 8 235 1 6 0 6 10 31 19 4 24 4 6 7 27 0
0 14 6 6 7 20 14 3 0 15 10 16 44 17 0 2 8 74 11 0 0 4 4 9 62 35 2 0 9 1 0 2 0 34 243 3 4 16 5 1 0 0 0 0 1 2 0 0 0 1 41 1 5 4 4 8 1 4 3 0 82 95 14 1 22 18 0 45 7 12 99 1 1 0 27 22 8 6 4 1 97 0 0 0 0 17 4 4 4 0 14 0 17 7 6 222 0 5 1 7 5 12 17 0 32 8 1 9 23 0
0 15 12 1 6 25 24 11 0 16 11 12 44 10 0 4 3 69 14 0 1 6 2 1 48 12 20 0 10 0 0 0 2 30 241 4 3 6 3 0 0 1 0 0 0 2 0 0 0 0 29 0 2 1 3 8 1 2 1 0 50 76 15 1 16 22 0 41 12 31 94 0 0 0 31 25 6 2 0 0 68 0 0 0 0 35 5 3 5 2 30 0 39 3 4 249 2 6 7 4 0 2 11 1 31 4 0 2 14 0
0 21 11 2 8 27 10 0 0 31 17 7 58 26 1 6 15 100 15 0 0 7 4 3 22 6 1 12 20 0 0 2 1 26 230 2 2 16 4 0 0 0 0 0 0 3 0 0 0 0 52 0 0 0 3 4 1 5 8 0 63 66 15 1 19 4 2 44 11 18 83 0 0 0 31 29 11 3 2 1 103 0 0 0 0 23 10 2 3 1 20 0 25 8 4 258 2 3 0 7 5 9 8 2 32 4 8 3 24 0
0 10 10 2 2 26 11 1 0 29 22 10 64 17 0 2 10 90 8 0 1 4 0 2 35 6 1 0 10 0 0 5 1 26 234 0 0 12 4 0 0 0 0 0 2 2 0 1 1 0 44 0 1 1 5 3 2 7 5 0 62 78 14 1 20 10 0 30 8 29 116 0 2 0 55 31 5 2 0 0 75 0 0 0 0 25 8 2 4 1 27 0 24 6 1 222 1 12 0 8 8 22 18 1 24 3 1 3 21 1
0 5 19 2 5 23 8 0 0 26 34 18 86 31 0 3 11 129 12 0 0 5 7 5 59 29 2 0 0 0 0 0 0 29 219 5 5 8 8 0 0 0 0 0 1 4 0 1 0 0 53 0 2 1 3 6 2 2 8 1 55 86 16 1 21 10 0 37 17 15 98 0 2 0 11 32 6 8 1 0 97 0 0 0 0 24 9 2 4 0 8 1 26 8 9 244 1 9 0 4 5 15 12 0 29 5 3 5 18 0
0 6 10 0 6 17 12 5 0 6 6 10 23 24 2 3 7 57 8 0 0 5 4 9 47 18 3 1 3 0 0 4 1 34 275 2 0 8 6 0 0 2 1 0 1 2 0 1 1 0 38 0 8 1 4 7 1 4 6 0 74 81 15 1 22 8 0 48 10 8 113 3 4 0 24 22 11 6 2 1 83 0 0 0 0 9 6 3 7 0 4 0 39 12 16 260 1 3 0 11 11 20 12 1 24 3 3 7 28 0
0 19 15 2 9 18 15 2 0 22 18 20 64 19 0 2 10 97 11 1 0 1 3 2 42 13 1 0 3 0 0 2 1 11 240 1 3 18 4 0 0 1 0 0 3 7 0 2 0 1 61 0 2 0 4 3 2 4 4 0 57 90 15 1 23 16 0 39 7 18 86 0 1 0 17 25 8 6 0 0 113 0 0 0 0 15 9 3 8 2 9 0 26 5 9 238 0 4 0 5 3 14 19 0 25 5 2 5 25 1
0 15 7 0 8 23 16 8 0 19 23 11 59 9 0 0 7 73 5 0 1 1 6 1 38 15 0 0 8 0 0 2 0 39 236 4 2 9 7 0 0 0 1 0 1 7 0 0 0 0 45 1 2 0 0 5 1 4 5 0 52 81 16 1 18 14 2 28 14 34 99 0 2 0 10 30 8 5 0 0 83 0 0 0 0 29 4 2 7 2 22 0 36 9 4 270 1 7 0 12 8 14 10 1 30 2 6 5 24 0
0 11 7 1 3 17 10 0 0 31 34 21 94 20 0 0 17 129 15 0 0 6 6 3 34 5 3 0 10 1 0 4 1 10 234 1 1 23 5 5 0 1 1 0 4 0 0 0 0 0 66 0 3 3 3 3 0 5 8 1 50 101 15 1 31 8 0 27 12 9 105 2 4 0 15 20 6 5 0 0 107 0 0 0 0 18 11 6 3 1 6 0 15 10 3 240 0 10 0 7 9 21 17 1 20 5 2 2 22 0
0 12 15 2 8 21 17 6 0 27 21 16 66 23 1 1 12 108 16 0 0 9 5 6 40 8 0 0 0 0 0 1 2 16 218 2 2 12 4 4 0 0 0 1 1 6 0 0 0 1 65 0 3 2 1 6 1 6 5 0 71 76 16 1 31 20 0 30 16 3 89 2 2 0 4 19 7 3 0 0 113 0 0 0 0 14 8 5 3 0 17 0 20 8 9 234 1 13 0 6 14 24 10 0 38 10 0 8 25 0
0 6 7 0 4 17 6 2 0 15 8 5 33 29 0 8 13 71 8 0 1 4 6 6 39 12 1 0 3 0 0 1 0 47 272 3 0 12 5 1 0 0 0 0 0 5 0 1 0 1 39 0 3 0 4 12 2 4 7 0 78 77 16 1 25 10 4 36 7 13 98 4 1 0 22 26 8 1 0 0 65 0 0 0 0 11 9 1 0 1 18 1 12 12 14 277 1 3 0 30 12 26 11 0 25 0 2 8 28 0
0 17 10 2 9 25 39 3 0 26 23 11 62 19 0 3 9 91 10 0 2 2 4 0 5 4 0 0 42 0 0 0 0 45 238 3 2 12 9 0 0 0 0 0 0 3 0 0 0 1 28 0 1 2 10 5 3 3 3 0 83 58 16 1 16 14 0 33 17 30 85 0 0 0 25 40 7 4 0 0 71 0 0 0 0 21 8 2 1 1 12 0 21 2 7 249 1 9 1 4 0 3 9 0 18 4 3 0 14 1
0 11 12 1 14 22 11 4 0 13 19 24 60 25 2 0 21 93 7 0 0 6 7 4 17 4 0 1 23 4 0 1 3 28 238 5 1 18 4 1 0 0 0 0 1 1 0 0 1 0 75 0 1 1 4 3 2 8 6 0 53 79 15 1 29 22 0 42 7 1 95 3 2 0 11 14 7 4 0 1 114 0 0 0 0 8 2 2 1 2 11 0 20 9 6 243 0 6 0 12 11 17 9 0 36 3 2 10 31 0
0 19 8 3 12 19 8 0 0 33 21 22 81 19 1 2 10 105 4 0 0 1 9 6 62 10 14 0 3 0 0 2 0 26 249 4 8 15 5 0 0 1 0 0 2 6 0 1 0 0 72 0 1 1 3 9 1 2 1 0 82 65 15 1 20 12 2 46 7 19 82 0 0 0 31 29 11 1 1 1 118 0 0 0 0 15 9 1 3 0 17 2 21 6 2 249 6 9 1 2 10 17 9 0 20 4 2 2 13 1
