0 0 5 0 1 11 12 0 0 51 34 8 97 79 0 2 28 186 9 0 1 5 9 3 2 2 0 0 1 0 0 0 0 1 155 3 0 48 6 0 1 0 1 2 2 5 0 1 1 0 80 0 0 1 3 0 0 0 2 0 42 103 22 1 26 0 0 45 12 1 86 0 0 0 0 0 0 0 0 0 87 0 0 0 0 38 19 12 10 0 14 0 6 1 0 271 4 17 1 1 2 41 19 1 47 25 1 2 24 1
0 2 7 4 6 5 21 0 0 57 25 10 96 30 0 4 13 138 9 0 0 2 1 1 5 1 1 0 21 3 0 25 1 1 135 2 0 44 9 0 0 0 0 0 1 10 0 0 3 2 35 0 0 2 2 1 0 0 6 0 34 134 18 1 14 0 0 66 13 24 108 0 0 0 0 0 1 0 0 0 51 0 0 0 0 51 14 17 4 0 19 0 23 7 0 256 0 30 0 2 2 38 31 19 32 4 8 1 34 5
0 1 2 0 2 17 29 0 0 45 33 15 95 54 0 2 40 174 20 0 2 8 6 1 14 9 0 2 3 0 0 0 0 9 118 2 0 28 6 0 0 0 0 0 0 6 0 0 0 0 35 1 0 0 2 1 2 1 3 0 44 120 18 1 10 4 0 112 21 0 90 0 5 0 0 0 0 4 0 0 44 0 0 0 0 46 14 8 11 1 14 0 18 1 0 235 1 16 1 1 1 24 33 0 55 8 3 4 23 0
0 5 14 2 1 9 35 0 0 50 23 16 94 31 0 0 13 152 17 0 0 5 10 0 20 0 11 0 1 0 0 17 0 2 122 4 0 31 12 0 0 0 0 0 0 1 0 2 0 0 45 0 0 1 4 0 1 0 2 0 40 123 19 1 12 0 12 83 21 14 69 0 1 0 0 0 0 1 0 0 68 0 0 0 0 55 20 12 6 1 10 0 21 4 16 276 0 25 0 5 1 29 31 8 33 6 1 9 31 2
0 0 5 2 1 14 3 0 0 45 11 13 77 72 0 1 25 165 8 0 0 2 20 0 6 6 0 0 1 0 0 0 0 0 188 3 0 37 13 0 0 0 0 0 1 0 0 1 0 0 98 0 0 0 5 0 0 0 3 0 38 113 25 1 57 2 0 25 4 0 86 0 3 0 0 0 0 0 0 0 105 0 0 0 0 29 30 18 8 0 12 2 9 4 1 267 3 24 2 2 2 43 10 0 62 21 0 2 36 0
0 4 2 5 9 20 5 0 0 34 43 21 99 41 0 3 13 159 14 0 0 4 7 0 2 1 0 0 1 0 0 1 0 3 132 4 0 40 23 0 1 0 0 0 4 0 0 0 2 4 47 0 0 1 3 3 2 0 4 1 28 110 19 1 22 0 5 50 16 1 113 0 0 0 0 0 0 0 0 0 60 0 0 0 0 38 19 4 15 0 22 1 6 8 1 277 0 16 0 1 4 42 15 15 54 21 0 0 26 0
0 0 7 2 2 19 16 0 0 51 21 23 100 39 0 8 15 159 15 0 1 0 7 0 2 0 1 1 22 13 10 4 2 3 144 0 0 44 10 0 0 0 0 0 1 2 0 0 2 1 45 0 0 2 3 0 0 0 1 0 39 129 19 1 13 0 8 75 16 19 89 0 0 0 0 0 0 1 0 0 57 0 0 0 0 57 5 21 3 0 19 0 11 1 1 232 1 25 0 6 0 24 26 9 31 4 6 5 23 1
0 1 2 0 6 19 4 0 0 31 30 6 69 57 0 11 28 136 10 0 2 1 9 0 3 1 1 1 5 0 0 3 0 0 123 0 0 79 19 0 1 0 0 0 1 3 0 0 0 3 69 1 0 2 1 0 1 0 2 0 28 96 19 1 11 0 0 69 41 9 83 0 0 0 0 0 0 2 0 0 78 0 0 0 0 64 6 0 6 1 12 0 16 1 0 252 1 2 1 0 0 20 11 19 64 7 1 3 34 1
0 1 12 0 2 23 8 0 0 81 21 49 152 22 3 0 11 188 13 0 2 4 0 1 10 1 0 0 9 6 0 1 0 3 99 1 0 29 10 0 0 0 0 0 0 2 0 0 0 1 26 0 0 1 4 4 2 0 1 0 29 128 18 1 14 0 22 63 22 27 96 0 0 1 0 0 0 4 0 1 45 0 0 0 0 47 10 5 6 0 10 0 8 3 0 250 0 22 0 2 0 39 26 5 17 6 0 2 20 4
0 2 12 4 1 14 32 0 0 35 31 13 81 39 0 2 16 136 14 0 1 4 8 0 4 0 2 0 4 0 0 7 2 6 118 1 0 33 7 0 1 0 0 0 0 4 0 0 0 0 36 0 0 0 7 1 0 0 2 1 62 120 18 1 12 2 0 87 25 0 79 0 2 0 0 0 0 1 0 2 60 0 0 0 0 72 11 12 6 3 32 0 17 4 0 291 1 24 1 3 2 24 25 2 31 7 3 3 18 0
0 4 4 0 0 7 9 0 0 24 36 17 81 45 0 4 16 152 23 0 0 5 5 0 2 0 0 0 0 0 0 3 0 5 127 6 1 51 13 0 1 0 0 1 3 2 0 1 1 3 67 0 0 0 2 0 2 0 0 0 50 123 22 1 15 0 0 63 15 18 93 0 0 0 0 0 0 0 0 1 77 0 0 0 0 60 26 5 9 0 12 0 16 4 0 261 1 10 0 1 2 24 17 15 29 10 0 1 20 1
0 4 13 2 3 17 26 1 0 65 14 28 112 22 1 1 9 144 10 0 1 4 6 0 17 0 13 0 7 0 0 1 2 4 113 1 0 35 7 0 0 0 0 0 1 3 0 0 0 1 43 0 0 0 7 0 1 0 1 0 37 130 18 1 13 0 6 72 7 27 86 0 0 1 0 0 0 2 0 0 64 0 0 0 0 61 8 24 8 0 20 0 21 3 0 282 2 34 1 2 1 37 23 8 36 3 8 4 27 3
0 0 3 2 5 15 11 0 0 42 11 19 82 50 0 1 18 148 10 0 0 4 24 0 6 4 1 1 1 0 0 1 0 9 216 2 0 43 18 0 2 3 1 0 2 11 0 3 0 1 84 1 0 1 0 0 0 0 5 0 24 101 21 1 59 4 0 26 3 0 109 0 3 0 0 0 0 0 1 0 94 0 0 0 0 13 18 16 3 1 20 1 11 5 0 301 2 19 0 4 0 54 8 0 49 26 4 3 23 0
0 5 10 1 4 18 18 1 0 49 37 11 102 28 0 0 16 153 17 0 1 7 2 6 12 3 0 3 0 0 0 3 0 3 124 5 0 30 15 0 0 1 0 0 2 4 0 1 0 2 33 2 0 0 2 1 1 1 3 0 67 133 19 1 13 0 0 82 20 0 71 0 0 0 0 0 0 0 0 0 51 0 0 0 0 45 8 7 13 1 12 0 16 1 3 269 0 9 0 2 2 22 28 2 53 8 3 9 27 0
0 0 10 5 15 15 3 0 0 16 36 26 81 52 0 0 16 167 29 0 1 13 12 0 1 0 0 0 6 0 0 0 0 0 134 1 0 50 18 0 0 1 0 1 1 10 0 0 1 1 67 0 0 0 1 0 0 0 10 1 30 85 21 1 26 0 8 43 14 4 96 0 1 0 0 0 0 0 0 0 82 0 0 0 0 25 18 2 11 1 12 0 5 10 2 288 3 18 1 2 2 54 15 14 49 24 3 2 20 1
0 3 4 0 0 12 21 0 0 46 56 10 112 47 0 7 15 181 22 1 0 5 8 0 2 2 0 0 0 0 0 0 0 4 97 5 0 45 17 0 4 1 0 0 0 7 0 0 1 1 60 0 0 1 2 0 3 0 4 0 38 124 21 1 20 0 10 54 17 6 94 0 0 0 0 0 0 0 0 0 72 0 0 0 0 37 29 12 12 1 17 0 9 3 0 291 1 15 0 3 3 36 13 8 46 17 0 8 22 2
0 0 6 1 3 7 10 0 0 43 24 12 87 40 0 1 17 154 21 0 0 2 9 1 17 0 13 0 7 0 0 2 2 1 125 4 1 48 6 0 0 0 0 0 0 3 0 1 1 1 60 0 0 1 5 0 2 0 19 0 41 137 19 1 12 0 12 73 29 16 65 0 0 0 0 0 0 1 0 0 70 0 0 0 0 72 11 14 3 0 16 0 21 2 0 253 0 42 0 0 1 25 33 4 25 8 0 4 31 1
0 0 3 0 2 11 3 0 0 28 34 5 68 89 0 9 37 175 15 0 2 2 3 0 1 0 0 0 8 3 2 0 2 2 125 0 0 74 15 0 0 0 0 0 1 1 0 0 0 2 71 0 0 0 6 5 0 0 8 0 61 95 21 1 11 0 0 67 45 7 73 0 0 0 0 0 0 2 0 0 76 0 0 0 0 58 11 3 5 0 10 0 13 3 0 234 0 7 0 0 0 12 19 19 66 6 2 2 39 1
0 2 9 0 10 16 16 0 0 55 19 40 115 31 0 2 13 166 13 0 2 7 0 2 23 1 21 0 5 1 0 0 1 3 112 1 1 47 15 0 0 0 0 0 1 4 0 1 1 1 30 0 0 0 4 2 1 0 3 0 36 108 19 1 13 0 0 67 15 17 100 0 0 0 0 0 0 0 0 0 41 0 0 0 0 65 5 9 3 0 15 0 14 2 0 252 1 17 0 1 0 38 25 12 51 4 12 2 30 3
0 2 9 1 1 8 9 0 0 43 34 2 81 67 0 6 22 163 10 0 1 0 5 1 5 1 0 1 1 0 0 0 0 3 101 0 0 47 11 0 0 0 0 1 0 2 0 0 2 0 72 0 0 0 1 1 0 1 5 0 63 86 20 1 9 0 0 77 43 15 78 0 1 0 0 0 0 0 0 0 84 0 0 0 0 69 15 5 8 1 17 0 19 2 0 246 0 8 0 8 0 21 18 26 44 6 0 1 34 0
0 1 16 3 3 9 20 0 0 56 25 40 123 25 1 6 11 163 12 0 1 1 3 0 0 0 0 0 37 19 0 2 0 1 148 2 0 44 22 0 0 0 0 0 0 4 0 0 0 0 40 0 0 0 4 0 0 0 0 0 34 133 22 1 11 0 0 67 21 30 81 0 0 0 0 0 0 0 0 0 60 0 0 0 0 47 12 12 8 2 28 0 20 0 0 244 0 25 0 0 0 33 33 15 27 8 0 6 19 0
0 3 8 5 6 7 14 0 0 49 16 41 110 44 0 6 17 165 11 0 3 1 0 0 1 0 0 0 8 5 0 0 0 2 114 4 0 49 4 0 0 0 0 0 0 2 0 0 1 0 42 0 0 0 4 0 1 0 0 0 34 134 22 1 11 0 0 68 30 21 81 0 0 0 0 0 0 1 0 0 59 0 0 0 0 73 8 10 7 0 28 0 18 3 0 247 1 16 0 2 0 35 34 18 37 6 4 4 35 0
0 0 4 1 2 15 2 0 0 16 34 23 73 63 0 3 22 162 21 0 1 3 9 0 6 0 0 2 5 0 0 1 0 1 154 5 0 55 7 0 3 0 0 0 2 0 0 0 2 4 102 0 0 4 3 0 0 0 3 0 39 92 20 1 26 0 0 57 7 1 92 0 3 0 0 0 0 0 0 0 114 0 0 0 0 25 18 2 19 0 16 1 6 5 1 246 0 7 0 3 3 46 7 16 66 27 3 2 29 1
0 2 12 3 1 14 14 1 0 64 39 14 127 30 0 1 15 177 19 0 0 7 6 0 4 1 3 0 6 2 0 11 0 1 95 0 1 49 7 0 0 0 0 0 1 5 0 0 0 0 52 0 0 2 1 0 3 0 4 0 35 158 18 1 15 0 0 46 18 25 84 0 1 0 0 0 0 2 1 0 74 0 0 0 0 61 17 11 4 0 15 0 8 3 2 267 1 23 0 1 3 32 35 14 34 4 5 1 24 0
0 4 5 1 0 29 9 0 0 23 13 32 68 53 0 1 16 137 15 0 0 12 7 1 0 0 0 0 1 0 0 4 0 8 206 11 0 49 12 0 1 0 0 0 2 4 0 1 0 1 71 0 0 0 2 0 0 0 3 0 53 109 21 1 22 2 10 55 13 0 120 0 1 0 0 0 1 2 0 0 85 0 0 0 0 17 14 6 14 0 19 0 4 0 2 258 0 18 0 2 3 29 20 1 29 14 0 0 12 0
0 2 3 0 0 17 3 0 0 10 41 35 92 50 0 2 14 172 22 0 0 4 12 0 1 0 0 0 1 0 0 0 0 0 168 1 0 60 26 0 1 1 0 0 0 4 0 1 2 1 65 0 0 4 4 0 0 0 3 0 26 105 23 1 22 0 8 57 15 1 84 0 0 0 0 0 0 1 0 1 77 0 0 0 0 23 30 2 13 0 12 0 8 0 1 300 2 5 1 0 1 42 15 17 51 25 1 0 19 0
0 3 14 0 5 16 12 0 0 62 61 8 132 22 0 1 13 181 27 0 6 3 5 1 1 0 1 0 7 0 0 0 0 2 93 0 1 27 14 0 0 0 0 0 0 2 0 0 1 0 20 2 0 1 4 0 1 1 1 0 46 116 17 1 8 0 2 77 39 36 63 0 0 1 0 0 0 0 0 1 41 0 0 0 0 92 8 5 9 1 12 0 22 1 2 244 1 17 0 0 1 13 33 18 33 7 6 2 26 1
0 0 8 3 4 12 10 0 0 47 11 12 77 43 0 11 18 144 15 0 2 3 0 0 18 0 5 1 17 10 0 7 2 1 153 1 1 30 6 0 0 0 0 0 1 4 0 1 3 0 64 0 0 1 4 0 3 0 3 0 65 112 18 1 12 0 6 83 19 21 60 0 0 0 0 0 0 1 0 0 77 0 0 0 0 57 11 11 12 1 17 0 15 2 1 217 0 16 0 1 2 28 13 8 52 7 7 1 34 1
0 1 7 3 2 15 17 0 0 77 48 9 136 30 0 1 19 176 8 0 2 0 2 3 1 0 0 0 3 1 0 1 0 1 81 0 0 36 16 0 0 0 0 0 3 3 0 0 4 0 41 0 0 1 2 0 0 0 2 0 27 130 20 1 12 0 0 54 17 39 91 0 0 0 0 0 0 2 0 0 55 0 0 0 0 81 17 20 9 0 16 0 21 1 1 285 0 33 0 1 1 32 31 12 20 3 0 6 28 3
0 1 6 0 2 23 17 2 0 37 16 14 68 67 0 7 25 146 9 0 0 4 6 1 9 5 0 1 3 0 0 7 1 5 197 4 0 51 25 0 0 0 0 0 0 1 0 2 0 3 52 1 0 0 2 0 1 0 8 0 45 103 17 1 20 2 14 60 14 0 114 2 0 0 6 0 1 0 0 0 61 0 0 0 0 13 19 0 7 1 20 0 12 1 4 261 4 8 3 1 0 18 16 1 41 13 1 1 21 0
0 0 13 0 10 9 10 0 0 53 15 30 100 33 0 2 9 146 11 0 0 5 10 0 29 1 18 0 0 0 0 2 2 1 133 0 2 28 14 1 0 0 0 0 2 4 0 0 1 2 38 0 0 1 2 1 1 2 5 0 44 144 18 1 13 0 12 69 15 19 75 0 0 0 0 0 0 3 0 0 56 0 0 0 0 47 11 14 10 0 19 0 17 1 2 267 2 32 0 0 1 24 31 3 48 3 8 4 40 1
0 2 8 1 0 12 7 0 0 71 21 33 125 34 0 5 18 168 9 0 0 6 9 0 3 0 3 0 0 0 0 3 0 1 90 0 0 48 11 0 0 0 1 0 0 3 0 0 1 0 39 0 0 0 3 0 0 0 2 0 31 127 21 1 15 0 30 54 16 21 73 0 2 0 0 0 0 4 0 0 54 0 0 0 0 40 12 26 6 0 13 0 17 3 0 285 1 29 0 0 1 31 28 12 42 8 8 3 37 2
0 0 5 2 2 25 9 1 0 32 8 5 60 59 0 0 16 132 6 0 0 2 43 0 5 4 0 1 0 0 0 0 0 5 201 3 0 50 14 0 1 2 0 0 3 1 0 2 0 0 95 0 0 0 0 0 1 0 8 0 35 94 23 1 84 0 0 19 1 0 102 0 7 0 0 0 0 2 0 0 105 0 0 0 0 7 26 13 2 0 17 0 7 9 1 310 2 16 0 0 3 41 14 0 54 25 1 1 18 0
0 2 6 11 1 13 10 0 0 29 17 38 85 43 0 4 14 144 15 0 0 6 13 1 8 0 0 4 47 37 0 3 0 4 204 0 1 30 16 0 3 0 0 0 0 4 0 0 0 0 67 0 0 0 5 1 1 0 5 0 60 106 18 1 21 2 0 67 4 3 137 0 2 0 0 0 0 1 0 0 90 0 0 0 0 18 16 10 7 1 17 0 13 4 6 249 0 9 0 4 1 22 22 2 37 10 0 5 19 0
0 0 8 2 2 15 59 0 0 54 25 11 96 37 1 0 22 156 22 0 1 4 5 1 0 0 0 0 1 1 0 5 0 0 101 1 0 20 17 0 0 0 0 0 0 3 0 0 2 0 40 0 0 1 1 0 0 0 0 0 35 124 21 1 11 14 0 103 20 0 71 0 1 0 0 0 0 1 0 1 53 0 0 0 0 53 22 13 14 0 6 0 24 1 1 278 0 21 0 3 0 21 28 1 36 8 12 6 31 0
0 2 11 1 1 11 15 2 0 49 17 27 94 25 0 2 10 138 17 1 2 2 6 0 3 0 3 0 8 1 0 24 0 3 140 0 0 41 11 0 0 0 0 0 0 4 0 0 0 2 48 1 0 0 1 0 2 0 3 0 42 133 18 1 12 0 30 84 17 15 70 0 0 0 0 0 0 3 0 0 67 0 0 0 0 47 16 11 6 0 23 0 32 4 0 276 0 21 0 3 1 21 33 8 35 9 2 3 18 3
0 2 9 1 2 29 13 0 0 45 17 11 76 57 0 2 23 151 14 0 0 6 10 1 0 0 0 0 2 0 0 3 0 4 145 8 0 24 17 1 0 0 0 0 1 0 0 1 0 3 37 0 0 0 9 0 2 1 2 0 44 117 20 1 15 16 0 74 24 0 80 0 5 0 0 0 0 2 0 0 52 0 0 0 0 49 16 7 11 0 11 0 8 1 2 238 0 17 1 1 1 33 25 0 52 15 3 2 32 0
0 1 5 2 2 10 33 0 0 31 28 23 82 30 0 3 19 130 17 0 1 3 3 4 2 0 1 1 4 0 0 16 0 2 139 1 0 30 16 0 0 0 0 0 4 9 0 2 0 1 49 0 0 1 3 0 1 0 2 0 57 111 19 1 13 14 0 83 23 0 71 0 6 0 0 0 0 0 0 1 60 0 0 0 0 49 22 5 11 0 26 0 12 3 0 272 0 8 0 1 0 29 21 1 59 16 3 7 30 0
0 3 9 4 2 18 16 0 0 50 4 38 94 32 0 2 14 144 16 0 0 5 7 0 13 0 10 0 8 0 0 2 4 0 112 0 0 37 18 0 0 0 0 0 0 6 0 0 0 0 34 0 0 1 1 0 2 0 2 0 44 132 19 1 9 0 14 74 38 27 58 0 0 0 0 0 0 3 0 0 54 0 0 0 0 84 10 14 2 3 13 0 21 3 1 251 0 27 1 1 0 18 29 7 44 8 13 9 31 3
0 0 10 2 1 11 18 0 0 36 29 29 104 24 0 1 11 150 20 0 1 3 5 0 6 0 4 1 2 0 0 17 0 5 119 2 0 40 5 0 0 0 0 0 0 3 0 0 0 0 41 0 0 0 4 3 2 0 3 0 47 130 18 1 9 0 6 88 38 19 78 0 0 0 0 0 0 1 0 0 54 0 0 0 0 74 11 6 18 0 13 0 10 3 9 253 0 23 0 0 2 14 29 15 19 0 2 7 26 2
0 0 5 3 1 28 12 0 0 32 2 18 56 56 0 4 26 117 1 0 0 0 43 1 10 2 1 3 23 21 0 1 1 9 190 10 0 47 8 0 1 1 2 0 2 9 0 2 3 1 65 3 0 1 5 0 0 0 5 0 79 103 18 1 47 2 0 32 2 0 124 0 1 0 0 0 0 3 2 1 84 0 0 0 0 11 15 2 0 0 21 1 6 1 4 254 1 13 0 2 6 44 17 0 58 32 3 4 21 0
0 2 7 1 4 21 7 0 0 54 18 13 88 45 0 1 16 162 25 0 0 16 13 0 2 1 0 1 1 0 0 2 0 1 132 8 1 52 17 0 1 1 0 0 1 2 0 1 0 1 68 0 0 1 6 0 0 0 4 0 30 108 20 1 16 4 0 71 22 0 76 0 1 0 0 0 0 0 0 0 81 0 0 0 0 35 12 7 16 0 14 0 9 0 1 319 0 29 1 1 3 31 31 1 42 12 3 3 20 0
0 7 4 2 2 33 7 0 0 33 39 10 83 86 2 8 65 180 10 0 0 5 2 1 1 1 0 0 0 0 0 0 0 2 79 2 0 36 9 0 2 0 0 0 0 10 0 0 1 0 33 0 0 1 3 0 0 0 1 0 34 107 19 1 11 9 0 101 14 0 121 0 1 0 0 0 0 4 0 0 53 0 0 0 0 32 5 4 9 0 25 0 15 0 0 223 0 9 0 1 0 40 23 1 82 22 12 1 50 1
0 2 9 0 2 7 26 0 0 52 38 35 129 26 0 2 11 171 16 0 3 4 7 0 1 0 1 0 2 0 0 0 0 3 88 0 0 35 7 0 0 0 0 0 0 0 0 0 3 0 29 0 0 2 0 0 1 0 5 0 33 124 20 1 10 0 2 53 29 50 85 0 0 1 0 0 0 3 0 0 45 0 0 0 0 97 14 9 4 0 8 0 38 1 0 266 0 17 0 0 0 18 28 21 23 4 3 5 17 2
0 1 6 2 2 33 19 0 0 25 11 16 56 58 0 5 26 120 5 0 0 4 6 3 22 0 0 0 6 0 1 12 2 3 205 2 2 49 15 0 0 0 0 0 0 4 0 1 0 0 78 0 1 1 4 0 0 1 11 0 40 82 16 1 15 7 18 75 18 0 96 6 5 0 2 0 1 2 0 0 92 0 0 0 0 33 14 3 3 0 12 0 5 0 5 239 2 12 0 2 2 17 12 1 26 8 1 3 24 0
0 1 11 2 8 7 10 0 0 38 17 47 106 22 0 2 13 139 9 0 2 3 5 1 3 0 0 0 24 12 0 6 0 1 114 0 0 43 8 0 0 0 0 0 0 2 0 0 0 2 49 1 0 1 3 0 0 1 0 0 36 118 19 1 11 0 0 52 36 27 84 0 0 0 0 0 0 3 0 0 68 0 0 0 0 98 13 11 8 0 22 0 26 1 1 264 0 12 0 3 2 31 26 17 41 2 2 4 26 0
0 0 8 3 1 15 12 0 0 49 27 30 107 98 0 1 32 216 10 0 0 3 19 1 3 2 0 0 2 0 0 0 3 2 182 1 0 48 13 0 0 1 1 0 4 2 0 1 0 0 101 0 0 1 2 0 2 0 13 0 32 104 24 1 60 0 0 24 4 0 91 0 0 0 0 0 0 0 0 0 113 0 0 0 0 15 24 10 3 0 26 0 8 4 1 291 0 16 0 4 0 35 11 0 28 12 1 4 21 0
0 1 3 4 3 22 21 1 0 26 17 17 63 68 0 8 28 146 11 0 1 4 11 0 6 3 0 0 4 1 0 2 0 0 170 6 4 43 17 0 0 1 0 0 0 2 0 0 2 2 57 1 0 1 0 0 1 0 4 0 37 96 18 1 16 0 0 68 19 2 113 0 1 0 0 0 0 0 0 0 68 0 0 0 0 45 30 2 5 0 20 0 17 1 1 283 0 15 1 0 1 24 25 7 15 5 1 1 9 0
0 1 9 6 10 9 12 0 0 49 17 24 93 25 0 2 10 133 14 0 0 3 5 0 16 2 11 1 0 0 0 1 7 2 98 1 2 35 18 0 1 0 0 0 0 1 0 0 2 1 54 0 0 1 4 0 0 0 5 0 45 124 18 1 12 0 12 77 29 10 83 0 0 0 0 0 0 0 0 0 72 0 0 0 0 61 18 19 6 0 18 0 17 2 1 263 0 32 0 2 0 20 25 13 51 5 2 5 23 2
0 0 9 3 5 23 21 1 0 56 30 13 104 23 0 4 8 143 14 0 1 4 9 0 3 0 0 0 10 0 0 0 0 7 123 4 0 42 10 0 0 0 0 0 0 5 0 0 0 0 33 0 2 0 1 6 1 1 3 0 32 107 19 1 9 10 0 81 27 32 64 0 0 0 0 0 0 1 0 0 48 0 0 0 0 62 18 10 10 0 28 0 15 0 4 288 0 22 0 0 2 37 22 11 30 2 5 9 30 1
0 1 9 2 2 16 27 0 0 80 19 35 136 52 0 5 20 209 19 0 2 4 0 0 6 0 0 0 2 1 1 1 0 2 110 0 0 33 13 0 0 0 0 0 0 4 0 0 2 0 37 0 0 2 2 3 0 0 1 0 24 103 20 1 10 0 0 85 24 22 88 0 0 0 0 0 0 0 0 0 51 0 0 0 0 59 11 6 7 1 15 0 11 2 0 230 0 21 1 0 1 36 23 13 33 1 0 2 27 5
0 0 6 3 2 9 15 0 0 45 35 22 112 34 0 1 10 168 20 0 2 1 9 1 3 0 0 0 20 9 0 0 0 3 108 0 1 33 14 0 0 0 0 0 0 3 0 0 0 2 47 0 0 1 5 1 0 0 1 0 40 133 19 1 15 0 0 68 6 21 103 0 1 0 0 0 0 2 0 1 60 0 0 0 0 52 16 19 11 0 15 0 22 3 2 276 0 33 0 0 0 36 22 10 37 7 1 8 24 1
0 2 13 3 1 8 17 0 0 35 20 23 81 34 0 3 14 143 15 0 0 6 6 1 18 1 15 0 7 2 0 3 1 1 107 5 6 32 10 0 0 0 0 0 1 3 0 2 1 0 39 0 0 0 4 1 0 0 11 0 44 144 17 1 13 0 10 62 21 21 83 0 0 1 0 0 0 1 0 0 59 0 0 0 0 62 9 10 5 0 21 0 23 2 1 255 1 28 0 1 1 30 26 4 37 3 6 7 34 2
