0 0 15 0 0 29 5 0 0 0 0 3 6 27 0 0 6 35 0 0 0 0 63 1 1 0 0 1 3 0 0 1 1 16 284 0 4 13 6 0 0 6 1 0 4 2 0 1 0 0 84 0 0 0 10 1 0 2 22 0 43 44 22 1 63 32 4 31 1 0 79 5 12 0 0 1 0 0 0 8 107 0 0 0 0 1 15 0 0 1 1 8 35 0 6 286 6 20 2 3 22 42 3 0 45 5 0 5 23 0
0 0 0 0 0 29 19 0 0 0 0 0 0 8 0 0 2 10 0 0 0 0 72 2 8 5 1 0 2 1 1 0 2 30 332 0 1 1 8 0 0 1 0 0 0 6 0 1 0 0 33 0 0 0 7 1 0 1 17 0 63 24 22 1 55 66 0 31 2 0 72 19 11 3 3 16 0 0 1 0 34 0 0 0 0 0 1 1 0 3 2 4 23 0 6 228 2 1 0 3 16 27 3 0 49 0 9 6 33 0
0 10 4 0 2 26 1 0 0 8 0 1 9 10 0 1 3 19 0 0 0 0 39 1 3 1 2 0 0 0 0 0 0 38 371 0 0 1 2 0 0 1 0 0 0 3 0 1 0 0 59 0 0 0 4 14 0 0 11 0 52 21 26 1 67 42 0 27 0 0 53 6 21 0 0 0 1 0 2 2 78 0 0 0 0 0 18 12 0 0 7 1 9 0 10 266 5 4 0 13 38 51 1 0 14 0 0 0 1 0
0 0 12 0 0 18 2 1 0 24 0 0 24 14 0 1 3 40 0 0 0 0 73 5 2 0 0 0 1 0 0 0 1 4 312 0 0 10 8 0 0 5 0 0 1 2 0 3 1 0 81 0 0 0 7 0 0 2 6 1 74 48 23 1 51 10 2 35 0 0 83 0 32 0 0 0 3 0 3 9 109 0 0 0 0 0 8 2 2 1 3 5 16 0 5 275 5 5 2 2 33 44 6 0 19 1 0 0 5 0
0 0 1 0 2 17 2 0 0 1 0 0 1 17 0 1 0 18 0 0 0 0 59 0 12 7 0 0 7 0 0 1 0 12 297 0 0 1 5 0 0 1 0 0 0 2 0 2 1 0 33 0 0 1 2 6 0 8 17 0 29 31 25 1 35 58 0 21 0 0 84 8 9 1 0 0 0 1 0 7 43 0 0 0 0 0 2 1 0 7 1 1 8 0 8 196 19 7 0 2 16 27 7 0 98 0 0 0 24 0
0 1 0 0 1 14 1 0 0 0 0 0 0 11 0 0 0 12 1 0 0 1 58 0 6 0 1 2 1 0 0 0 2 20 235 0 0 4 1 0 0 2 1 0 0 1 0 2 1 0 49 0 1 0 4 5 0 1 9 0 62 56 21 2 21 24 2 16 0 0 82 29 36 0 5 18 0 0 0 5 83 0 0 0 0 0 7 2 0 4 1 1 10 0 6 214 2 9 1 5 17 25 11 0 156 1 3 0 12 0
0 4 4 0 2 38 7 0 0 6 0 0 6 11 0 1 3 17 0 0 0 0 27 0 6 4 0 1 4 1 0 1 1 26 324 0 1 8 7 0 0 3 1 0 1 1 0 5 0 0 46 0 0 0 8 3 0 0 21 0 32 31 21 1 42 59 0 27 0 0 57 1 33 0 0 0 0 0 1 6 61 0 0 0 0 0 12 2 0 1 2 1 9 1 4 198 4 4 0 5 19 32 7 0 78 3 0 1 15 0
0 3 5 0 0 23 3 0 0 1 0 0 1 17 0 0 0 18 0 0 0 0 74 2 0 0 0 0 9 0 0 0 4 25 315 0 0 8 6 0 0 2 1 0 2 3 0 6 0 0 76 0 0 0 3 5 0 0 14 1 47 43 26 1 56 30 0 37 0 0 61 5 1 0 0 0 1 0 0 3 88 0 0 0 0 0 20 22 0 2 1 2 13 0 2 300 0 6 0 2 34 54 7 0 26 2 0 3 11 0
0 1 8 0 5 19 2 0 0 1 0 1 3 5 0 0 2 9 0 0 0 0 52 1 2 0 0 2 3 1 0 0 0 49 297 0 2 13 4 0 0 2 0 0 0 2 0 0 0 0 60 0 0 0 4 9 0 0 21 0 39 27 23 1 58 44 0 35 0 0 60 8 16 0 0 0 1 0 0 3 74 0 0 0 0 0 10 1 0 1 1 1 7 0 2 233 2 2 0 1 25 43 3 0 48 0 1 1 16 0
0 5 13 0 0 44 2 0 0 0 0 1 1 13 0 1 4 14 0 0 0 0 47 2 7 4 0 0 4 1 0 2 4 18 277 0 3 3 9 0 0 0 0 0 1 2 0 0 0 0 75 0 0 0 5 0 0 0 14 0 28 30 22 1 59 94 0 33 1 0 58 5 20 0 3 4 3 0 0 4 100 0 0 0 0 0 6 1 0 0 2 4 5 0 8 233 6 10 0 7 27 41 2 0 67 2 1 0 11 0
0 5 3 0 3 18 4 0 0 4 0 0 4 7 0 1 2 11 0 0 0 0 40 0 14 9 0 2 0 0 0 0 1 31 291 0 1 2 2 0 0 4 0 0 0 6 0 1 0 0 49 0 0 0 9 0 0 0 9 0 48 43 23 1 32 60 0 27 0 0 54 4 32 0 2 1 0 0 3 5 65 0 0 0 0 0 4 0 0 1 1 1 13 0 11 183 3 15 0 11 20 33 6 0 74 0 1 1 14 0
