0 1 15 0 0 12 5 0 0 0 0 0 0 2 0 1 0 4 0 0 0 0 102 15 0 0 0 0 4 0 2 0 3 3 258 0 0 12 1 0 0 0 0 0 0 3 0 4 0 0 44 0 0 0 11 1 0 1 7 0 52 43 19 1 61 10 12 24 0 0 64 9 40 2 0 0 0 1 0 5 66 0 0 0 0 0 3 10 1 6 1 4 19 3 1 288 7 3 5 1 11 16 14 0 38 0 0 0 14 0
0 0 1 0 1 12 5 0 0 0 0 0 0 5 0 1 0 6 0 0 0 0 101 20 0 0 0 0 27 6 23 0 6 2 414 1 0 1 2 0 0 0 0 0 0 1 0 0 0 0 38 0 0 0 17 0 0 0 33 0 72 26 23 1 43 54 12 47 0 0 64 1 42 0 0 0 0 0 0 6 45 0 0 0 0 0 0 3 0 5 1 0 15 3 3 276 7 0 9 0 42 44 0 0 24 1 2 1 17 0
0 1 11 0 0 14 13 0 0 0 0 0 0 2 0 0 1 3 0 0 0 0 69 15 0 0 0 0 5 0 1 2 4 4 323 1 0 3 4 0 0 0 0 0 0 0 0 3 0 0 28 0 0 0 8 1 0 0 16 1 44 14 18 1 44 12 4 37 0 0 46 0 49 0 0 0 0 0 0 7 48 0 0 0 0 0 2 1 0 3 1 0 16 2 5 205 0 0 3 0 36 37 3 0 64 1 2 6 15 0
0 2 6 0 0 16 7 0 0 0 0 0 0 5 0 0 1 6 0 0 0 0 50 14 1 0 0 1 15 2 1 0 1 6 346 1 0 8 4 0 0 0 0 0 0 0 0 2 0 0 34 0 0 0 6 2 0 0 15 0 46 26 18 1 27 14 0 29 0 0 77 6 33 4 0 0 0 0 2 6 50 0 0 0 0 0 1 2 0 1 1 0 4 0 3 155 2 0 1 6 27 29 6 0 88 1 0 2 22 0
0 0 10 0 0 9 13 0 0 0 0 1 2 8 0 5 1 18 0 0 0 0 111 4 0 0 0 0 17 1 2 0 1 7 387 1 1 0 5 0 0 0 0 0 0 1 0 4 0 0 38 0 0 0 9 0 0 1 15 0 41 18 23 1 46 42 14 37 0 0 55 3 46 1 0 0 0 0 0 11 59 0 0 0 0 0 0 3 0 4 0 1 9 0 8 283 1 0 3 0 39 43 1 0 48 0 3 0 24 0
0 2 35 0 0 9 16 0 0 0 0 0 0 6 0 0 0 17 0 0 0 0 86 5 0 0 0 0 22 0 7 3 8 0 435 2 0 2 1 0 0 0 0 0 0 2 0 1 0 0 51 0 0 0 10 0 0 0 30 0 53 18 24 2 105 2 22 20 0 0 70 7 90 0 0 0 2 0 0 15 105 0 0 0 0 0 0 4 1 1 2 1 11 7 0 238 3 1 11 0 40 42 2 0 24 0 6 1 18 0
0 2 21 0 0 9 4 0 0 0 0 0 0 1 0 0 0 2 0 0 0 0 95 42 0 0 0 0 19 0 2 1 1 3 302 0 1 3 0 0 0 0 0 0 0 2 0 1 0 0 24 0 0 0 17 1 0 0 23 0 88 24 21 1 45 8 2 37 0 0 54 0 50 0 0 0 0 0 1 11 59 0 0 0 0 0 1 2 0 2 1 0 8 2 1 253 1 2 4 2 24 24 1 0 48 0 1 1 19 0
0 0 9 0 2 2 2 0 0 0 0 0 0 4 0 2 0 6 0 0 0 0 189 1 0 0 0 0 23 0 1 2 2 8 397 0 0 0 0 0 0 0 0 0 0 0 0 0 0 0 26 0 1 0 16 1 0 0 22 0 51 10 27 1 56 30 10 32 0 0 43 0 64 0 0 0 0 0 0 24 60 0 0 0 0 0 22 23 0 1 0 1 9 0 0 353 3 0 1 0 42 42 2 0 26 2 0 0 5 0
0 0 7 0 3 5 2 0 0 0 0 0 2 6 0 0 2 11 0 0 0 0 100 21 0 0 0 0 22 0 4 1 0 2 374 1 0 3 0 0 0 0 0 0 0 3 0 0 0 0 36 0 0 0 11 0 0 0 11 0 50 12 24 2 63 56 2 28 0 0 44 0 60 0 0 0 0 0 0 15 58 0 0 0 0 0 2 3 1 2 0 0 14 2 0 226 4 0 7 0 34 37 0 0 15 0 0 0 2 0
0 2 20 0 0 7 22 0 0 0 0 0 0 3 0 0 0 4 0 0 0 0 153 2 4 0 0 2 15 0 2 0 2 8 365 0 0 1 0 0 0 0 0 0 0 2 0 0 0 0 33 0 0 0 23 0 0 0 18 0 68 31 24 1 40 12 46 38 0 0 53 3 37 0 0 1 3 0 0 8 66 0 0 0 0 0 3 1 0 2 2 0 5 0 2 286 5 0 2 0 42 43 0 0 37 0 7 3 35 0
