0 25 23 0 11 23 8 2 0 25 17 7 58 13 0 1 5 81 7 0 0 3 4 0 39 21 0 1 1 0 0 3 0 26 218 6 3 16 2 0 1 0 0 0 1 3 0 0 0 0 48 0 0 0 7 6 0 5 16 0 53 78 16 1 22 2 25 47 8 10 81 0 10 0 2 29 7 6 0 1 111 0 0 0 0 28 1 3 5 0 32 0 37 2 4 258 0 8 0 0 7 13 10 1 35 7 2 4 15 1
0 11 16 4 13 23 13 2 0 40 40 5 87 10 0 0 5 111 13 0 1 3 4 2 65 16 0 0 0 0 0 0 0 20 223 7 0 14 5 0 0 0 0 0 1 2 0 0 0 0 44 0 0 1 5 2 0 1 8 0 38 97 18 1 28 0 6 29 15 10 88 0 6 0 10 49 5 1 0 0 82 0 0 0 0 23 13 3 5 0 21 0 18 2 1 238 0 13 0 2 7 13 22 3 41 5 3 11 35 0
0 23 26 3 14 35 31 24 0 17 14 7 40 9 0 0 6 58 8 0 1 2 1 1 54 23 9 0 5 0 0 5 0 31 238 3 0 5 3 0 0 0 0 0 0 5 0 0 2 0 33 0 0 1 6 3 1 2 13 0 60 71 16 1 24 0 21 37 14 11 90 1 13 0 0 47 8 2 0 0 96 0 0 0 0 27 3 1 5 0 24 0 22 5 2 235 0 10 1 2 3 6 10 2 62 7 5 6 33 1
0 15 25 7 8 21 10 1 0 46 48 8 107 28 1 0 15 143 7 0 0 3 9 2 60 11 0 0 2 0 0 0 0 15 196 2 1 25 8 0 0 0 0 0 1 6 0 0 1 0 54 0 0 1 6 1 0 1 4 0 48 101 16 1 27 6 21 17 18 20 91 0 4 0 4 41 8 3 0 1 114 0 0 0 0 22 11 3 6 0 20 0 23 8 1 257 1 9 0 2 2 8 23 2 18 8 3 2 11 1
0 13 13 3 3 21 12 0 0 48 45 6 109 18 0 0 11 146 18 0 0 12 8 2 55 12 0 6 3 1 0 0 0 21 206 3 0 20 7 0 0 0 1 0 2 4 0 2 0 0 47 0 1 1 1 0 1 0 12 0 43 106 16 1 22 2 23 23 25 17 72 2 7 0 9 51 5 3 0 1 87 0 0 0 0 32 12 4 5 1 17 0 16 1 4 223 1 9 1 0 8 18 22 1 33 14 4 4 17 0
0 13 11 1 8 24 27 21 0 25 41 12 80 16 0 1 10 106 9 0 1 4 11 0 47 26 0 4 2 0 0 0 1 32 211 4 0 22 6 0 0 0 0 0 0 6 0 1 0 0 46 0 0 2 5 9 0 1 4 0 57 90 16 1 23 2 12 27 13 21 71 0 6 0 2 49 8 4 1 0 86 0 0 0 0 24 11 7 2 1 18 0 23 4 5 254 4 6 1 2 8 15 19 1 43 13 0 3 18 1
0 14 19 1 4 26 17 6 0 18 27 21 66 16 0 2 9 99 15 0 3 7 6 4 50 10 0 0 1 0 0 3 1 13 221 4 2 15 4 1 0 0 0 0 0 0 0 1 2 0 29 0 0 2 5 1 1 2 8 0 48 77 15 1 18 0 12 31 19 27 75 0 11 0 5 49 9 1 0 0 76 0 0 0 0 48 7 0 3 1 22 0 34 2 4 231 0 3 0 3 10 14 17 4 51 8 2 1 18 1
0 13 13 3 10 10 16 4 0 21 22 9 59 15 0 3 7 87 12 0 0 2 4 1 58 34 1 1 4 1 0 2 0 24 208 0 0 9 10 0 0 0 0 0 0 4 0 0 1 1 31 0 0 2 4 14 0 1 12 0 74 109 16 1 22 0 23 20 20 20 71 0 4 0 10 42 5 1 0 0 68 0 0 0 0 49 10 2 6 0 20 0 21 3 6 224 0 7 1 2 11 19 29 1 45 1 1 2 26 2
0 33 21 0 11 26 17 9 0 23 28 10 65 9 1 1 6 80 6 0 1 3 3 2 68 43 0 3 0 0 0 3 1 38 221 4 3 6 2 0 0 0 0 1 0 1 0 0 0 0 32 0 0 1 6 2 1 3 0 0 36 60 16 1 22 6 0 29 12 25 96 0 7 0 0 37 21 3 0 1 112 0 0 0 0 34 10 0 3 2 36 0 59 3 6 301 1 4 0 0 7 10 14 1 31 1 5 0 13 0
0 22 17 2 13 22 13 5 0 32 40 15 94 17 0 0 11 123 10 0 0 4 5 1 48 6 0 0 1 0 0 0 0 19 206 1 0 22 6 0 0 0 0 0 0 9 0 4 4 0 43 0 1 3 3 1 1 3 8 0 45 89 17 1 21 2 8 25 15 30 68 0 4 0 4 43 10 3 0 0 101 0 0 0 0 34 12 1 4 0 23 0 31 3 0 264 0 17 1 1 3 7 21 2 37 3 4 7 19 2
0 22 23 1 9 26 13 5 0 23 30 18 77 11 0 0 5 105 14 0 0 6 9 4 46 10 5 0 0 0 0 0 0 16 210 4 2 18 3 0 0 0 0 0 0 3 0 0 0 0 36 0 0 1 3 0 0 3 6 0 66 91 17 1 21 2 29 31 15 21 76 0 12 0 16 44 6 2 0 0 91 0 0 0 0 21 7 2 2 0 24 0 26 0 6 237 1 9 1 3 10 12 18 3 33 5 2 6 22 2
0 14 24 3 9 17 11 3 0 27 13 2 50 20 1 1 13 71 1 0 0 0 4 0 71 31 0 0 0 0 0 0 1 24 242 4 3 16 1 0 0 0 0 2 1 2 0 0 0 0 30 0 1 2 1 20 0 1 10 0 49 94 16 1 24 0 12 26 1 30 77 1 3 0 12 36 7 2 0 0 84 0 0 0 0 29 12 3 1 0 23 0 31 9 9 255 0 0 0 2 13 21 10 3 53 5 3 1 28 2
0 18 31 4 9 29 12 10 0 21 28 20 72 10 0 1 3 94 10 0 1 0 3 0 48 18 0 7 0 0 0 1 0 13 200 5 0 10 3 0 0 0 0 0 1 3 0 0 0 0 21 0 0 0 1 4 1 6 20 0 44 78 16 1 23 2 0 30 12 19 90 0 7 0 0 47 18 2 1 3 98 0 0 0 0 35 4 0 4 2 30 0 37 9 4 270 0 2 0 4 3 5 22 6 30 6 4 2 15 1
0 18 16 2 6 19 12 6 0 21 35 14 76 27 0 0 9 120 14 0 1 3 6 4 47 15 1 0 4 0 0 0 1 13 196 5 2 14 9 0 0 0 0 0 1 3 0 0 0 0 37 0 0 0 4 2 1 2 4 0 81 112 15 1 22 2 7 27 26 14 75 1 6 0 4 43 2 2 0 0 77 0 0 0 0 41 12 3 3 1 17 1 14 3 5 241 0 14 1 1 3 8 26 4 29 11 4 3 16 1
0 6 9 3 8 17 43 36 0 51 35 21 111 19 0 0 11 141 9 0 0 1 6 2 50 12 2 2 1 0 0 1 0 14 174 2 4 25 7 0 0 1 0 0 0 2 0 0 4 0 57 0 0 0 4 3 0 0 1 0 50 89 17 1 17 2 2 45 22 12 67 0 4 0 19 46 2 3 0 0 80 0 0 0 0 30 16 7 11 0 12 0 30 5 2 263 2 18 0 4 3 12 24 0 35 4 2 7 15 1
