0 2 0 1 0 18 2 0 0 8 5 7 27 21 0 0 9 53 4 0 0 2 26 0 21 1 0 16 6 6 0 20 0 19 310 2 2 30 8 0 0 3 2 0 0 2 0 11 0 2 83 0 2 0 9 5 1 2 7 0 53 58 18 1 51 22 12 32 0 0 84 1 12 2 3 0 2 1 7 1 99 0 0 0 0 6 10 5 3 1 3 1 15 3 20 267 9 7 0 8 27 50 3 0 41 3 1 1 25 0
0 7 6 1 13 35 3 2 0 7 0 3 15 25 1 4 10 44 2 0 0 1 12 7 7 0 4 2 0 0 0 0 1 32 212 3 2 24 6 1 0 3 4 0 0 9 0 0 2 0 73 0 2 1 6 16 1 6 5 1 70 99 16 1 48 0 16 25 1 4 113 7 0 3 8 2 0 1 1 0 93 0 0 0 0 8 10 1 15 1 12 0 22 1 14 295 1 8 0 6 10 27 18 0 37 7 9 2 22 0
0 2 9 0 3 26 10 0 0 14 1 16 36 24 0 1 6 65 3 0 0 2 15 11 6 1 0 5 1 0 0 18 0 15 249 0 0 14 14 0 0 1 0 0 0 5 0 3 0 0 105 2 3 0 2 5 1 1 9 1 76 51 17 1 31 2 28 43 5 0 79 4 32 3 0 0 5 0 7 2 135 0 0 0 0 5 10 0 2 0 4 2 14 0 4 219 1 7 0 1 51 73 10 0 24 7 1 3 12 0
0 4 10 0 0 29 18 1 0 0 0 1 1 18 0 0 3 19 0 0 0 0 13 4 30 7 8 0 22 0 0 10 3 62 366 0 0 13 5 0 0 0 0 0 0 1 0 2 0 0 35 0 8 0 2 19 2 2 14 0 90 50 21 1 33 0 20 38 0 0 107 2 8 0 0 0 0 0 1 4 62 0 0 0 0 1 0 6 0 1 0 0 6 2 26 216 0 1 0 10 8 15 1 0 57 0 4 5 58 0
0 2 3 0 9 15 6 0 0 1 0 2 5 9 0 1 2 18 1 0 0 1 32 3 21 3 1 1 62 0 0 26 1 15 341 0 1 4 1 0 0 0 0 0 0 3 0 2 0 0 40 0 5 1 12 4 0 2 6 0 57 31 16 1 55 0 28 29 0 0 101 0 26 0 0 0 1 0 1 1 54 0 0 0 0 0 9 6 1 3 3 1 28 12 2 266 4 3 4 0 15 20 2 0 30 3 6 5 15 0
0 6 17 2 1 20 10 3 0 5 2 1 15 16 0 0 6 37 6 0 0 3 21 9 6 3 0 0 3 0 0 0 3 25 233 2 3 18 11 0 0 3 0 0 1 6 0 2 0 0 71 0 4 1 2 5 1 1 6 2 64 88 16 1 35 2 6 41 3 0 109 6 29 2 0 0 6 4 2 1 114 0 0 0 0 2 16 3 6 3 14 0 32 4 16 331 0 6 0 1 24 52 11 0 19 3 1 1 9 0
0 0 7 0 5 16 6 0 0 51 6 12 88 20 1 1 10 118 8 0 0 7 12 1 0 0 0 0 0 0 0 3 1 13 174 3 0 22 7 1 0 0 0 0 4 3 0 2 0 2 60 2 1 0 7 20 1 1 5 0 86 105 18 1 33 0 8 39 7 1 107 0 5 5 0 0 1 6 7 1 86 0 0 0 0 9 12 5 21 4 19 0 33 5 4 299 2 5 1 3 20 47 20 1 25 5 2 0 14 0
0 2 9 2 3 13 10 0 0 10 12 14 52 46 0 2 24 108 4 0 0 2 15 5 11 7 2 0 3 0 0 4 0 15 192 4 1 23 12 0 0 2 0 0 3 0 0 2 2 0 43 0 0 1 4 9 1 0 9 1 50 91 17 1 31 0 0 44 1 0 119 4 18 5 0 0 0 1 2 3 63 0 0 0 0 8 16 1 15 1 19 0 36 3 2 317 3 5 1 2 7 31 30 0 41 3 0 2 29 0
0 0 4 1 5 20 6 1 0 3 0 10 14 11 0 2 5 28 1 0 0 1 37 5 19 0 2 4 38 1 0 48 2 12 352 3 1 20 11 0 0 0 0 0 0 3 0 1 0 0 70 1 1 0 13 4 0 0 12 1 68 70 17 1 40 16 10 42 1 0 89 0 30 1 0 0 0 0 0 3 80 0 0 0 0 1 13 3 9 2 6 2 18 2 1 265 4 8 5 5 18 32 6 0 16 3 1 2 7 0
0 1 7 0 2 17 4 0 0 11 2 28 55 26 0 2 10 90 5 0 1 0 5 3 16 1 3 0 2 0 0 1 1 15 217 1 1 18 18 0 0 0 0 0 0 3 0 0 0 0 46 1 3 0 7 10 3 0 4 1 57 107 17 1 26 0 0 40 10 4 110 1 20 9 0 0 0 1 3 0 62 0 0 0 0 17 5 2 12 0 8 0 14 3 7 251 2 9 0 5 4 25 23 0 34 5 10 0 33 0
0 2 8 3 3 21 4 0 0 10 4 35 55 29 0 1 11 96 10 0 0 2 9 3 17 1 2 6 3 0 0 0 2 16 209 4 1 41 9 0 0 0 0 0 0 5 0 0 0 0 63 1 7 0 6 4 0 0 7 0 52 89 17 1 25 0 0 45 9 6 94 4 1 12 0 0 4 4 1 0 93 0 0 0 0 9 6 6 6 1 12 0 28 3 4 285 4 10 2 1 8 28 25 0 50 8 3 3 30 0
0 3 1 0 0 18 3 1 0 7 0 6 15 16 0 0 1 32 0 0 0 0 14 9 11 0 4 2 0 0 0 3 1 65 288 0 4 20 7 1 0 5 0 0 0 1 0 0 2 0 73 2 2 4 7 23 0 3 15 0 83 57 17 1 51 0 4 26 2 0 180 15 5 4 0 3 0 2 4 3 95 0 0 0 0 5 9 1 0 1 7 1 17 1 13 305 1 14 0 12 19 38 5 0 16 0 6 1 13 0
0 1 9 2 2 18 3 0 0 14 0 7 33 25 0 0 11 69 4 0 0 2 32 4 13 0 1 6 10 0 0 14 2 10 284 0 3 23 4 0 0 1 0 0 0 2 0 2 2 0 82 0 3 1 7 2 0 0 8 0 47 74 17 1 42 0 36 37 2 1 87 1 25 8 0 0 5 0 0 3 106 0 0 0 0 1 20 9 2 0 10 2 19 6 0 276 6 9 2 1 27 44 9 0 21 6 1 2 11 0
0 2 3 0 1 14 0 0 0 1 4 1 14 36 0 7 19 63 11 0 0 5 16 1 1 0 1 0 0 0 0 3 5 19 201 0 0 40 9 1 0 2 0 0 1 1 0 4 4 0 52 1 4 4 10 3 0 1 13 0 59 130 18 1 28 24 22 47 5 0 95 0 14 4 0 0 1 2 1 1 72 0 0 0 0 15 17 1 16 0 6 0 11 5 21 309 4 7 0 3 14 45 19 0 27 6 9 4 36 0
0 1 6 0 0 15 1 1 0 3 0 0 8 23 0 2 2 31 0 0 0 0 19 4 8 4 0 0 0 0 0 7 2 22 243 1 0 20 5 0 0 1 0 0 0 1 0 6 0 0 71 1 16 0 7 4 1 1 5 1 79 82 17 1 28 12 48 49 0 0 104 0 6 8 0 0 2 0 5 1 103 0 0 0 0 0 3 10 14 1 3 2 18 1 16 306 6 5 2 0 28 51 14 0 6 1 8 2 15 0
0 2 3 0 4 20 0 0 0 3 2 36 43 29 0 2 13 73 1 0 0 0 33 2 24 11 0 10 1 1 0 26 1 8 259 3 2 32 5 0 1 2 0 1 1 3 0 3 0 0 109 1 4 0 2 3 1 0 5 0 39 68 17 1 36 0 28 42 0 1 70 0 11 5 2 0 9 3 8 1 142 0 0 0 0 2 12 1 2 0 4 1 34 4 3 294 3 11 0 3 35 53 17 0 26 6 1 2 8 0
0 3 12 1 1 24 7 0 0 11 1 11 28 28 0 1 17 67 7 0 0 6 19 0 11 0 0 9 16 12 0 11 1 19 268 2 1 31 6 0 0 2 0 0 2 4 0 0 0 0 98 0 1 0 4 10 0 1 11 0 49 64 17 1 41 10 24 39 0 0 92 1 6 2 0 0 3 3 4 3 128 0 0 0 0 1 16 6 10 0 2 0 12 6 5 274 8 10 1 1 21 40 8 0 35 6 12 1 20 0
