0 11 14 0 5 16 12 3 0 11 5 14 34 34 1 1 24 85 13 1 0 1 11 0 40 3 0 0 1 0 0 0 0 15 197 2 5 15 7 1 0 0 0 0 0 3 0 1 1 0 43 1 0 0 0 0 0 6 5 0 41 95 17 1 19 2 0 55 11 7 86 0 3 0 8 28 2 2 0 0 74 0 0 0 0 11 6 6 4 1 22 0 30 2 5 239 2 7 1 0 14 24 22 2 99 10 6 9 55 2
0 9 12 4 8 19 10 5 0 26 21 32 86 27 0 1 19 131 12 0 0 5 3 0 43 4 1 1 0 0 0 0 0 9 176 5 0 20 7 0 0 0 0 0 0 2 0 0 0 0 45 0 0 1 3 2 0 8 2 0 57 129 18 1 20 6 0 38 23 9 86 0 1 0 4 28 9 3 0 0 83 0 0 0 0 24 15 4 8 1 17 0 25 4 4 260 0 18 0 0 6 16 36 1 48 6 4 3 40 1
0 7 22 2 6 20 3 0 0 29 13 13 63 30 1 0 20 111 16 0 0 2 10 1 45 5 1 0 0 0 0 0 0 10 183 4 2 33 6 0 0 0 0 0 0 0 0 2 0 0 38 0 0 0 2 0 0 3 6 0 37 101 17 1 20 10 4 40 19 10 72 0 2 0 22 40 6 8 0 0 84 0 0 0 0 19 8 7 5 0 15 0 22 8 2 266 2 14 1 2 3 13 25 4 66 4 3 6 43 0
0 13 11 1 3 31 16 6 0 13 14 15 43 24 0 0 16 71 1 0 0 0 9 1 16 1 0 0 0 0 0 1 0 16 226 0 2 17 3 8 0 0 0 0 0 3 0 0 2 1 51 0 1 2 4 0 1 5 7 0 60 77 17 1 21 10 2 47 9 11 72 0 6 0 6 30 9 5 0 0 102 0 0 0 0 13 6 1 0 1 18 0 34 5 3 259 0 2 0 1 10 15 14 1 60 5 4 2 23 0
0 8 22 1 8 26 6 4 0 6 13 16 37 35 0 4 28 80 8 0 0 6 9 1 35 1 0 0 0 0 0 0 2 5 205 3 2 15 3 2 0 0 1 0 0 7 0 0 0 0 37 0 2 0 3 1 0 1 7 0 49 90 17 1 25 16 0 42 12 4 84 0 3 0 4 19 2 4 0 0 79 0 0 0 0 10 4 5 5 0 13 0 31 7 4 238 0 6 1 1 8 20 16 3 106 6 5 3 53 0
0 16 13 2 3 16 11 6 0 36 17 27 82 31 0 0 19 123 9 0 0 2 8 1 28 3 0 0 0 0 0 0 0 14 158 0 4 30 4 0 0 0 2 0 0 0 0 0 0 2 27 1 0 2 2 1 2 1 1 0 50 87 17 1 19 6 0 45 16 5 82 0 2 0 25 32 8 4 0 0 73 0 0 0 0 17 13 4 6 0 9 0 27 3 2 257 0 16 0 2 10 26 30 5 106 4 3 1 22 0
0 10 14 1 8 16 11 5 0 9 18 16 46 28 0 2 21 84 7 0 0 2 5 1 29 0 1 0 3 0 0 1 2 14 209 1 2 25 7 0 0 1 0 0 1 4 0 0 1 0 42 0 2 1 6 4 3 4 9 0 54 94 15 1 19 4 2 43 13 19 72 0 4 0 12 32 12 6 0 0 89 0 0 0 0 12 8 2 4 1 22 0 55 3 3 275 2 8 3 1 7 18 19 1 60 8 2 5 23 0
0 9 20 1 2 15 11 3 0 15 15 16 58 23 0 2 18 92 11 0 0 4 7 2 53 8 0 1 5 0 1 0 1 7 212 1 2 19 6 0 0 0 0 0 0 3 0 0 0 0 27 0 1 0 1 0 1 2 5 0 37 97 15 1 17 12 0 41 19 22 72 0 1 0 14 35 7 4 0 0 70 0 0 0 0 31 6 2 5 2 25 0 29 2 2 261 0 9 0 0 8 18 15 2 61 3 6 3 40 3
0 13 16 0 8 18 13 6 0 20 12 37 79 29 0 0 25 118 10 0 0 4 2 2 61 8 0 0 0 0 0 0 1 15 180 5 2 20 4 0 0 0 0 0 0 1 0 0 0 1 26 0 0 0 2 0 0 2 1 0 57 120 17 1 15 0 0 54 20 10 64 0 1 0 10 43 4 3 0 3 65 0 0 0 0 33 6 7 6 1 20 0 27 2 1 246 0 17 0 1 5 13 24 1 59 6 1 1 33 1
0 10 24 2 9 26 11 9 0 10 8 27 48 21 1 0 15 76 2 0 0 0 4 7 27 1 0 0 1 0 0 0 0 14 198 6 5 19 2 0 0 0 0 0 0 3 0 0 4 1 45 0 0 2 4 1 0 1 7 0 56 70 17 1 20 0 0 53 3 11 74 0 4 0 2 27 9 5 0 2 99 0 0 0 0 18 2 3 5 3 25 0 37 4 3 253 1 4 0 1 9 18 15 1 118 8 7 2 29 1
0 5 12 1 6 11 4 2 0 23 16 23 64 32 0 3 15 108 11 0 1 2 4 2 23 0 0 0 1 0 0 0 0 12 223 4 2 20 6 1 1 1 0 0 0 1 0 0 2 0 44 0 0 1 2 1 0 1 10 0 48 90 16 1 17 34 6 41 14 22 55 0 1 0 28 34 7 7 0 0 79 0 0 0 0 11 4 5 8 0 19 0 24 8 0 232 7 14 3 0 7 12 22 0 63 11 5 3 29 1
0 11 11 2 9 22 13 1 0 18 6 19 57 22 0 0 14 86 5 0 0 2 8 8 37 8 0 1 3 0 0 0 0 11 199 2 1 12 12 1 0 0 0 0 1 4 0 1 0 0 48 1 0 0 5 3 2 2 6 0 62 99 16 1 21 17 0 46 7 13 79 1 5 0 4 24 4 6 0 0 86 0 0 0 0 21 7 5 6 1 17 0 23 2 5 241 1 11 0 1 4 12 27 1 75 8 4 7 44 2
0 12 12 4 6 23 8 0 0 16 22 15 53 20 0 2 14 86 13 0 0 1 5 1 58 4 0 0 0 0 0 0 1 15 197 3 2 13 7 2 1 0 1 0 1 3 0 0 1 1 23 0 0 0 2 0 0 0 8 0 33 84 18 1 17 49 2 56 14 12 68 0 0 0 12 37 7 2 0 0 63 0 0 0 0 26 5 4 12 0 22 0 33 5 2 246 2 7 1 4 6 9 17 3 115 2 1 5 24 4
0 7 9 2 1 13 9 4 0 22 15 9 51 29 0 1 15 92 11 0 0 1 21 0 7 1 0 1 0 0 0 0 0 9 190 1 2 24 7 3 0 0 0 0 0 1 0 0 0 1 34 0 0 0 1 0 0 3 11 0 59 91 17 1 17 6 0 37 23 16 59 0 5 0 24 40 5 1 0 0 61 0 0 0 0 22 4 4 5 0 13 0 27 8 3 266 0 18 0 0 8 20 21 1 99 2 5 4 38 1
0 12 14 3 5 16 7 3 0 31 22 12 65 31 0 3 23 115 17 0 0 4 13 2 9 1 0 1 1 0 0 0 0 11 149 0 1 19 13 3 0 0 0 0 0 3 0 0 0 1 35 0 0 2 2 2 3 9 5 0 42 102 16 1 20 0 0 40 23 4 63 2 5 0 30 32 6 1 0 0 76 0 0 0 0 28 18 4 9 1 11 0 41 0 2 276 1 24 0 1 7 20 26 1 98 4 2 2 31 0
0 9 11 1 2 43 18 5 0 12 29 7 51 27 0 0 20 87 8 0 0 2 6 0 14 0 0 0 0 0 0 0 0 11 199 4 1 13 2 0 0 0 0 0 0 6 0 1 1 1 44 1 0 1 3 1 0 6 6 1 53 78 19 1 18 45 0 52 16 9 69 0 0 0 0 17 3 4 0 0 74 0 0 0 0 12 10 3 0 0 26 1 33 3 6 257 1 5 2 1 1 7 19 0 79 6 7 4 36 2
