0 2 11 1 9 25 16 0 0 0 0 22 25 15 1 0 6 44 0 0 0 0 27 2 67 2 3 3 54 7 2 2 2 19 324 0 7 11 5 0 0 1 2 0 1 21 0 1 0 0 70 1 3 0 6 7 0 1 15 0 50 74 18 1 52 12 18 36 0 0 59 7 7 2 0 0 0 0 3 5 96 0 0 0 0 1 3 1 2 0 3 2 15 6 4 220 5 5 1 1 12 25 10 0 68 6 5 3 33 0
0 5 6 1 2 30 19 0 0 8 0 27 49 27 1 4 8 84 6 0 0 3 28 2 31 3 11 0 14 8 0 1 3 5 226 2 1 18 15 1 0 3 1 0 2 6 0 0 0 0 71 0 0 0 7 0 0 2 3 0 47 122 17 1 41 4 8 37 0 3 116 0 4 4 2 0 1 0 1 0 86 0 0 0 0 6 1 8 4 0 21 3 18 3 0 257 7 12 0 1 15 35 18 0 37 10 2 2 20 0
0 3 9 13 6 17 11 0 0 4 2 23 37 22 0 3 15 73 8 0 0 1 14 2 16 2 2 1 13 10 0 0 4 9 217 0 2 25 10 0 0 1 3 0 1 5 0 1 3 0 81 0 5 2 5 4 1 5 8 0 75 100 17 1 31 6 0 48 1 0 107 0 8 0 0 0 4 3 1 1 122 0 0 0 0 1 23 6 4 0 9 0 16 9 7 257 1 13 0 2 10 35 11 0 30 4 3 1 25 0
0 2 18 3 4 33 23 0 0 0 0 15 16 14 1 3 4 33 0 0 0 0 9 4 78 12 4 1 37 0 0 3 1 17 331 5 2 9 4 0 0 1 0 0 5 11 0 0 0 0 50 1 2 0 4 2 0 0 11 1 47 84 17 1 33 0 0 49 0 0 101 1 9 2 0 0 1 2 3 0 82 0 0 0 0 4 4 4 2 2 16 1 23 8 9 243 2 8 3 0 11 26 6 0 43 4 8 2 16 0
0 0 0 3 3 27 20 4 0 51 0 6 57 22 0 2 1 86 3 0 0 0 15 2 43 10 9 1 3 0 0 0 1 44 257 0 1 2 4 0 0 1 0 0 1 1 0 0 0 0 1 0 23 0 4 7 0 1 8 0 37 84 17 1 29 40 14 47 1 2 122 4 22 2 0 0 1 1 1 2 32 0 0 0 0 0 11 1 3 0 2 1 41 1 20 259 4 5 1 2 14 31 17 1 54 0 3 11 27 0
0 1 11 0 9 25 31 0 0 0 0 29 33 33 1 6 23 71 1 0 0 0 17 4 28 2 1 0 40 0 0 6 1 22 275 0 0 20 3 0 0 0 0 0 1 22 0 2 0 0 81 0 2 0 3 4 1 7 4 0 57 78 17 1 40 2 10 40 1 1 69 2 2 3 0 1 1 2 0 0 98 0 0 0 0 4 10 3 1 1 15 1 31 6 6 243 0 10 0 3 11 20 15 0 55 4 10 7 54 0
0 8 14 6 6 15 11 0 0 8 10 31 52 28 2 0 13 85 3 0 0 0 13 1 64 5 4 4 26 3 0 1 4 25 263 4 1 12 11 1 0 1 0 0 3 15 0 0 0 1 40 0 0 0 5 4 1 2 2 0 46 109 16 1 48 24 12 31 1 0 96 2 6 6 4 0 4 6 0 1 80 0 0 0 0 5 5 1 5 0 12 0 36 5 1 241 1 6 1 2 10 25 16 0 38 9 4 6 27 0
0 1 16 0 1 22 20 0 0 0 0 12 16 23 1 1 8 40 1 1 0 0 8 1 56 7 11 0 29 0 0 1 2 29 282 5 10 9 5 1 0 3 0 0 0 6 0 1 1 0 33 0 9 1 7 15 1 1 25 0 57 77 15 1 33 0 26 45 1 0 99 1 17 7 0 0 0 0 2 2 65 0 0 0 0 6 7 1 0 3 14 1 16 2 10 241 1 3 1 3 8 23 11 1 57 3 1 8 22 0
0 1 15 1 2 18 12 0 0 1 0 47 50 26 1 2 15 82 3 0 0 2 27 9 54 1 0 14 27 15 0 0 2 6 266 1 5 22 1 0 0 4 0 0 0 13 0 0 2 0 79 1 1 1 2 0 1 2 6 0 33 78 17 1 27 2 14 57 9 0 85 0 0 5 0 0 1 4 3 0 107 0 0 0 0 7 11 7 6 1 7 0 20 5 0 259 2 33 5 1 13 36 12 0 41 10 2 3 27 0
0 1 6 2 1 15 7 0 0 33 6 26 74 15 2 1 11 98 5 0 1 1 26 4 29 2 7 0 10 2 0 0 4 5 218 3 1 16 5 0 1 2 0 0 6 3 0 1 4 0 57 1 1 1 6 3 0 0 4 0 39 95 15 1 30 14 27 40 7 6 106 1 4 7 0 0 0 4 3 1 78 0 0 0 0 11 27 7 7 1 17 3 17 6 3 290 13 11 2 2 11 43 31 0 22 4 2 2 19 0
0 1 26 0 5 17 10 1 0 0 0 11 14 16 5 0 2 33 1 0 0 0 16 2 54 6 9 3 39 0 0 2 0 24 293 2 3 11 9 0 0 2 0 0 5 16 0 0 0 0 46 0 3 0 6 5 1 2 10 0 55 107 17 1 34 0 4 45 1 0 105 3 9 1 0 0 0 1 1 2 80 0 0 0 0 1 2 3 0 1 9 2 29 4 6 257 1 5 2 0 11 41 12 0 46 0 4 1 18 1
0 2 12 1 6 31 35 3 0 1 0 15 17 16 1 0 4 36 2 0 0 2 12 0 47 5 10 0 77 0 0 5 1 28 281 2 3 9 9 0 0 5 0 0 0 10 0 2 0 0 38 1 11 0 3 3 1 1 14 0 39 89 16 1 41 12 14 37 0 1 108 4 13 8 0 0 2 0 2 5 74 0 0 0 0 6 7 5 4 0 3 5 13 2 17 241 4 3 3 0 7 36 7 0 42 0 2 5 16 0
0 4 8 0 4 21 8 0 0 3 2 22 30 26 0 2 17 61 3 0 0 2 34 3 56 0 0 22 6 2 0 14 0 7 259 3 1 14 5 0 0 1 0 1 1 9 0 2 1 0 79 0 1 0 7 1 0 2 8 0 44 75 16 1 31 4 26 53 1 1 73 0 1 4 2 4 3 5 4 0 104 0 0 0 0 6 11 5 3 1 7 2 21 4 1 246 3 16 1 0 17 43 9 0 39 5 4 3 34 0
0 2 11 5 26 25 16 0 0 10 4 24 47 38 1 8 20 89 2 0 0 1 30 3 31 3 0 0 48 2 0 1 1 11 239 3 0 22 4 0 0 1 2 0 2 11 0 0 2 0 89 1 8 2 4 0 1 0 6 0 44 80 16 1 44 2 8 35 3 1 84 1 4 4 0 1 4 1 1 2 127 0 0 0 0 5 7 2 4 2 8 1 18 10 1 241 1 9 2 1 25 44 10 0 35 4 9 4 29 0
0 2 9 1 2 18 14 5 0 1 0 35 36 30 1 2 21 80 7 0 0 5 23 2 31 4 0 8 27 8 0 4 4 7 295 2 0 18 7 0 0 2 2 0 4 13 0 0 0 1 85 0 0 0 1 1 0 1 12 0 39 90 17 1 38 0 14 37 4 4 79 0 1 2 2 0 2 2 3 0 104 0 0 0 0 7 16 3 3 0 11 1 27 8 2 249 0 9 2 2 12 44 13 0 47 6 1 4 36 0
0 0 12 0 2 22 46 4 0 0 0 25 32 21 1 2 11 56 0 0 0 0 8 3 39 9 0 0 26 2 0 5 1 48 264 2 2 11 5 0 0 5 0 0 0 11 0 0 0 0 39 0 12 0 5 5 1 0 7 0 52 80 16 1 39 14 36 34 1 3 111 2 16 8 0 0 1 1 2 0 67 0 0 0 0 4 3 2 2 1 8 2 25 5 17 232 0 5 1 3 13 23 6 0 38 0 2 2 28 0
0 3 19 3 9 28 19 1 0 45 4 8 59 19 1 0 9 84 4 0 0 3 30 4 16 3 2 0 16 2 4 1 0 11 208 1 2 15 3 0 0 2 0 0 0 8 0 2 2 0 70 0 3 1 3 5 3 3 7 0 61 91 15 1 33 2 0 39 3 6 92 0 7 8 0 0 5 2 1 1 109 0 0 0 0 20 9 1 5 1 12 1 22 3 4 261 1 19 0 0 18 34 9 1 34 5 6 3 27 1
0 2 13 1 1 28 16 2 0 1 0 8 10 27 0 5 6 41 2 0 0 1 15 2 58 12 10 2 37 0 0 2 0 38 328 0 0 8 10 1 0 1 0 0 0 8 0 2 0 0 38 0 9 0 4 9 0 0 12 1 49 67 17 1 50 6 23 30 0 0 106 6 42 7 0 0 3 0 6 3 76 0 0 0 0 1 7 3 3 1 4 2 19 4 16 222 1 2 1 0 13 22 9 0 94 0 1 1 38 1
0 1 4 0 7 16 8 3 0 36 1 3 40 10 0 2 3 56 4 0 0 0 10 3 41 15 0 0 68 0 0 0 1 25 345 0 6 10 8 0 0 1 0 0 0 5 0 1 0 0 5 0 43 0 11 3 0 0 6 0 36 68 19 1 34 6 8 47 0 0 101 3 11 5 0 0 1 0 3 0 57 0 0 0 0 0 6 1 4 0 5 0 32 2 8 254 3 8 8 3 8 28 13 0 42 0 4 2 10 0
0 1 7 8 6 7 11 2 0 23 4 28 60 27 1 1 12 91 4 0 0 2 6 8 58 5 4 0 1 0 0 1 0 14 213 1 2 27 9 0 0 2 0 0 2 3 0 2 4 0 70 0 3 3 1 5 0 9 4 1 60 123 17 1 30 6 8 50 0 0 109 4 2 4 0 0 6 3 0 0 102 0 0 0 0 5 20 2 9 0 16 0 23 10 8 261 1 13 0 6 14 32 14 0 40 8 3 4 20 0
0 2 14 0 13 15 15 0 0 61 20 7 95 25 0 1 13 130 4 0 0 1 27 1 12 0 0 7 14 5 0 0 1 7 174 2 2 19 7 0 0 2 0 0 1 3 0 1 0 0 80 0 0 1 5 5 0 2 7 1 58 86 17 1 25 0 0 46 14 3 92 2 8 2 0 0 10 1 2 1 111 0 0 0 0 18 9 3 2 0 13 0 16 4 7 280 1 33 2 1 12 26 10 0 33 16 5 1 17 0
0 1 16 2 7 20 8 0 0 14 6 10 34 23 0 1 9 73 9 2 0 0 9 4 11 1 3 0 12 0 0 0 0 22 214 0 9 18 13 0 0 0 1 0 0 7 0 3 3 0 73 0 4 3 4 2 1 6 5 0 66 101 18 1 30 2 0 42 8 0 103 0 2 0 0 0 5 2 4 0 110 0 0 0 0 3 21 1 7 2 10 0 21 3 3 272 1 16 0 5 11 30 13 0 37 8 2 4 30 0
0 1 10 2 2 12 1 0 0 14 17 4 39 29 0 7 14 80 10 0 0 2 15 4 2 0 1 0 2 0 0 0 5 17 242 0 6 20 15 0 0 0 1 0 1 3 0 2 3 1 68 0 3 1 3 7 0 2 5 0 60 94 16 1 30 6 14 31 13 7 87 1 24 1 8 0 5 4 1 1 97 0 0 0 0 23 10 4 9 2 12 1 21 13 4 268 8 10 2 2 13 44 23 0 23 4 0 3 22 0
0 6 10 9 8 18 12 0 0 15 9 21 50 35 0 1 16 87 0 0 0 0 8 0 27 5 1 2 9 0 0 6 1 15 229 2 3 21 8 0 0 2 1 0 0 12 0 0 0 0 82 0 0 5 6 2 2 2 6 0 63 93 16 1 45 12 48 29 0 3 96 4 14 6 8 5 7 2 1 0 122 0 0 0 0 6 6 2 3 0 10 0 26 14 3 215 1 7 1 6 5 14 14 0 31 8 4 3 28 2
0 3 13 3 3 21 8 3 0 35 8 35 80 21 2 2 9 113 7 0 1 2 22 7 27 5 1 11 23 5 1 0 3 11 206 1 3 29 5 1 0 2 0 0 1 7 0 2 0 1 79 0 1 0 7 5 0 2 5 1 60 84 14 1 32 14 35 42 5 1 82 2 1 2 6 1 2 3 1 2 108 0 0 0 0 9 10 2 3 0 13 0 10 8 7 264 9 11 1 3 18 34 14 0 38 6 0 2 24 0
0 6 12 0 7 19 9 0 0 0 3 12 19 25 3 0 14 53 3 0 0 0 21 1 31 2 0 1 23 0 1 2 2 7 260 2 3 26 4 0 0 1 0 0 1 13 0 2 0 0 71 0 1 1 3 2 2 4 2 1 41 103 15 1 40 12 63 36 2 0 107 5 5 6 2 1 2 0 1 1 95 0 0 0 0 10 11 4 9 0 6 0 14 3 3 228 6 11 1 1 6 28 21 0 38 5 0 0 31 0
0 4 8 4 7 23 22 0 0 10 1 18 36 29 1 2 17 68 1 0 0 1 23 1 42 8 0 0 5 0 0 11 3 9 250 3 4 17 10 0 0 1 2 0 1 11 0 2 1 0 84 0 1 4 2 2 2 0 8 0 45 96 16 1 50 4 36 30 1 2 96 0 17 4 2 1 4 4 0 2 115 0 0 0 0 6 16 3 5 0 7 0 21 14 2 242 2 6 0 4 11 34 11 0 48 7 3 5 29 0
0 2 19 7 1 21 9 2 0 34 11 5 56 12 0 2 4 74 5 0 1 0 18 3 9 1 2 5 13 0 0 2 1 18 228 0 1 17 5 0 0 0 0 0 0 4 0 2 0 0 70 0 2 0 3 2 0 0 6 1 49 99 16 1 39 8 4 33 2 3 108 2 10 4 10 3 0 3 0 0 103 0 0 0 0 8 12 1 2 0 8 0 32 4 2 273 1 8 0 4 17 26 34 0 50 4 2 6 31 2
0 3 18 2 4 29 18 0 0 3 0 19 26 18 0 2 9 44 0 0 0 0 26 0 35 3 0 10 15 10 0 12 2 6 314 0 1 14 5 0 0 1 0 0 1 8 0 0 0 0 75 0 2 1 3 2 0 3 5 0 44 61 17 1 31 8 20 55 6 0 72 0 2 3 0 0 2 0 2 2 108 0 0 0 0 3 5 6 2 1 11 1 12 2 1 206 7 11 2 2 29 40 3 0 65 11 6 3 42 0
0 1 11 4 5 12 19 0 0 36 4 19 69 28 0 0 20 105 6 0 0 1 14 4 39 4 1 1 10 0 2 9 1 3 231 4 2 19 9 1 0 2 0 0 0 7 0 0 5 0 63 1 1 3 8 2 4 3 8 0 66 91 15 1 38 14 26 42 0 0 80 0 14 4 2 1 7 4 0 4 100 0 0 0 0 8 5 3 5 2 16 0 17 2 3 230 3 8 0 3 17 31 11 0 48 8 7 2 27 0
0 9 14 5 16 22 10 0 0 1 2 57 66 20 0 2 11 92 2 0 0 1 18 3 27 10 10 0 34 13 0 2 2 11 232 1 0 19 4 0 0 0 0 1 2 6 0 0 0 0 60 0 0 0 2 0 1 0 2 0 32 100 17 1 40 4 4 33 3 1 126 2 2 0 6 0 4 3 1 0 96 0 0 0 0 13 8 2 4 0 23 0 30 1 4 253 0 6 0 1 15 31 12 0 43 5 2 4 28 0
0 0 0 0 5 29 11 1 0 8 0 0 8 22 0 4 1 33 1 0 0 0 15 3 20 7 2 0 56 0 0 0 1 28 335 0 0 3 7 0 0 8 2 0 0 2 0 6 0 0 0 0 21 0 4 8 0 0 38 0 39 68 20 1 45 4 2 35 0 0 138 0 21 1 0 0 1 0 3 2 28 0 0 0 0 1 7 2 1 1 7 0 29 5 32 251 0 2 0 2 4 29 9 0 42 0 1 3 15 0
0 10 30 2 2 20 10 4 0 29 0 19 49 17 0 1 9 68 2 0 0 1 14 4 26 5 2 4 22 0 0 2 2 18 233 3 3 13 5 0 0 2 0 0 0 3 0 0 0 0 68 0 2 1 5 6 0 5 9 1 56 86 15 1 52 18 14 29 0 1 104 2 11 4 22 2 8 4 0 0 125 0 0 0 0 4 5 1 5 2 11 0 32 3 2 242 1 6 0 3 16 27 9 0 51 7 10 4 32 2
0 2 11 3 4 28 20 2 0 1 1 29 45 20 1 1 6 75 10 0 0 5 20 9 50 3 1 1 20 2 0 2 2 13 266 4 5 15 7 0 0 0 0 0 0 8 0 0 2 0 46 0 1 2 2 1 2 7 4 0 38 87 15 1 43 4 42 34 3 0 105 2 11 3 0 0 1 11 0 3 80 0 0 0 0 7 6 7 3 0 19 1 19 16 0 251 5 9 2 9 12 30 14 1 39 8 3 3 16 0
0 2 13 0 10 18 18 0 0 15 24 26 69 18 1 3 7 105 6 0 1 4 5 9 29 0 3 0 19 7 0 0 1 14 236 3 1 14 8 0 0 2 0 0 3 13 0 1 0 0 58 0 1 0 5 2 2 6 4 0 49 112 17 1 28 0 30 45 8 2 89 0 4 6 2 0 5 3 0 0 82 0 0 0 0 22 6 5 9 1 17 0 21 13 10 256 0 13 1 1 10 30 12 0 34 7 1 6 19 0
0 6 23 0 2 25 6 0 0 48 2 7 67 24 0 2 12 94 1 0 0 1 31 3 12 1 1 1 29 5 0 3 0 13 251 4 4 10 4 0 0 1 0 2 0 19 0 4 2 0 95 0 3 1 3 8 0 0 7 0 61 70 19 1 35 4 0 46 1 0 71 0 15 0 0 0 5 1 0 0 134 0 0 0 0 0 8 4 2 2 8 1 25 7 3 267 2 8 2 3 15 27 4 0 45 8 5 0 25 0
