0 0 9 0 2 17 3 0 0 0 0 0 0 10 0 1 1 13 0 0 0 0 48 1 1 1 0 0 11 4 1 0 0 34 257 0 1 7 2 0 0 1 0 0 0 2 0 2 0 0 41 0 1 0 5 3 0 2 13 1 33 38 17 1 49 30 2 34 0 0 39 8 14 3 0 8 0 0 1 6 58 0 0 0 0 0 5 7 0 3 4 11 39 0 3 281 1 1 1 1 14 22 5 0 37 2 0 1 12 0
0 1 8 0 0 16 1 0 0 0 0 0 0 15 0 1 2 19 0 0 0 0 56 2 0 0 0 0 0 0 1 0 3 33 325 0 0 2 1 0 0 1 0 0 0 7 0 5 0 0 53 0 0 0 9 3 0 0 39 0 29 11 21 1 46 21 0 36 0 0 55 0 16 4 0 9 1 0 3 4 70 0 0 0 0 0 10 2 7 0 0 8 8 0 6 213 4 0 7 4 18 28 0 0 40 3 9 1 20 0
0 0 8 0 0 22 4 0 0 0 0 0 0 24 0 0 13 26 0 0 0 0 77 1 0 0 0 0 9 0 0 1 0 4 274 0 0 3 1 0 0 4 1 0 0 4 0 2 0 0 37 1 1 0 3 2 0 0 13 0 42 35 21 1 55 0 0 28 0 0 74 4 11 2 0 0 3 0 1 2 55 0 0 0 0 0 2 2 0 0 1 3 7 0 4 230 4 4 0 2 16 23 5 0 81 1 0 1 17 0
0 0 2 1 0 28 1 0 0 0 0 3 3 13 0 0 2 17 0 0 0 0 22 1 1 0 0 0 0 0 0 0 0 26 190 0 1 6 6 1 0 1 0 0 2 6 0 1 0 0 41 0 0 1 3 0 0 0 18 0 32 58 23 1 27 92 0 37 9 0 71 9 0 1 9 15 0 0 1 0 47 0 0 0 0 0 15 3 1 1 7 3 13 0 9 226 11 6 0 3 6 29 15 0 82 6 6 21 45 0
0 0 16 0 2 15 11 0 0 0 0 7 8 24 1 1 5 34 0 0 0 0 34 3 8 2 5 1 21 18 0 0 0 25 361 1 4 7 3 0 0 5 0 0 2 7 0 2 0 0 83 0 1 0 5 4 0 0 13 0 54 62 22 1 1995 17 6 1 0 0 73 3 4 0 1 8 0 1 0 0 101 0 0 0 0 0 7 1 0 2 5 6 14 1 9 241 2 1 0 1 23 41 12 0 34 7 8 16 54 0
0 0 3 2 0 9 0 0 0 0 0 0 0 5 0 1 1 6 0 0 0 0 35 2 0 0 0 0 0 0 0 0 0 55 282 0 0 0 0 0 0 0 0 0 1 2 0 3 0 0 33 0 0 0 6 0 0 0 50 0 32 25 30 2 110 72 6 23 0 2 67 6 9 0 2 1 0 0 5 0 75 0 0 0 0 0 6 1 0 3 6 3 18 0 11 196 3 0 0 5 29 38 5 0 239 0 3 0 9 0
0 0 0 1 1 28 2 0 0 1 0 0 1 12 0 0 3 14 0 0 0 0 30 0 1 0 0 0 1 0 0 0 0 48 220 0 1 7 9 0 0 0 0 0 0 2 0 5 2 0 54 0 0 1 0 1 0 1 12 0 13 27 25 2 47 72 0 26 8 0 57 4 2 0 2 24 0 0 3 0 99 0 0 0 0 0 5 3 0 0 3 3 13 0 15 236 5 3 0 3 24 34 5 0 49 3 0 1 23 0
0 0 5 0 7 56 15 0 0 0 0 0 2 21 0 0 1 29 0 0 0 0 23 1 0 0 0 0 1 0 0 0 0 10 297 1 0 16 7 0 0 4 2 0 0 5 0 5 0 0 71 1 0 0 2 0 0 0 8 0 32 34 21 1 76 27 0 23 0 0 55 3 6 4 0 2 0 0 4 2 83 0 0 0 0 0 11 1 0 1 1 5 8 2 3 178 9 7 1 2 20 33 1 0 60 3 2 6 38 0
0 0 10 2 1 33 7 0 0 5 0 4 9 18 0 0 4 33 0 0 0 0 34 0 0 0 0 0 0 0 0 0 2 37 214 1 2 10 5 0 0 4 0 0 0 11 0 1 0 0 56 0 1 0 4 3 0 0 16 0 74 95 23 1 30 58 6 31 14 0 75 0 0 0 1 12 2 0 0 1 73 0 0 0 0 1 8 6 0 2 11 3 17 2 3 279 12 6 4 2 12 34 10 0 75 10 2 33 52 0
0 0 3 0 3 16 0 0 0 0 0 0 2 6 0 1 0 10 0 0 0 0 44 0 2 1 0 0 4 0 0 0 1 48 310 2 4 1 0 0 0 1 0 0 0 3 0 1 0 0 48 0 0 0 5 1 0 0 51 0 28 20 23 1 54 18 11 32 0 2 76 1 14 0 0 4 0 2 1 0 73 0 0 0 0 0 4 3 0 4 7 5 19 0 5 251 0 1 0 0 33 41 6 0 122 0 1 1 3 0
