0 7 16 3 6 45 2 0 0 2 2 11 16 36 2 1 16 55 0 0 0 0 4 4 1 0 1 0 0 0 0 2 1 9 245 3 2 11 6 1 0 2 0 0 0 9 0 0 6 1 81 0 0 7 5 0 2 5 3 0 44 81 16 1 51 2 2 27 1 1 94 3 0 0 6 5 3 3 0 0 121 0 0 0 0 11 5 1 0 0 22 0 21 5 4 212 0 3 0 11 8 22 2 1 49 12 5 7 31 0
0 7 12 3 3 18 13 1 0 6 17 25 50 43 0 3 30 98 5 0 0 0 26 3 27 0 5 7 5 1 0 11 1 3 187 0 4 21 6 1 0 1 0 0 1 7 0 0 0 0 66 0 1 1 1 3 0 3 18 0 58 84 14 1 26 2 42 34 6 18 78 1 2 0 2 6 10 2 0 1 105 0 0 0 0 5 6 0 5 1 17 0 19 7 2 253 5 13 1 1 6 19 12 0 34 10 3 2 26 1
0 11 19 4 12 27 18 1 0 2 2 27 31 20 0 2 10 61 7 0 0 3 8 0 11 6 3 0 6 2 0 0 1 21 228 4 1 14 11 0 0 0 0 0 0 5 0 0 0 0 49 0 0 3 2 0 0 8 5 1 52 78 15 1 25 2 30 41 9 7 96 3 16 0 0 11 6 4 0 2 98 0 0 0 0 18 9 3 4 0 33 1 23 2 10 252 1 6 0 1 2 17 11 2 45 9 4 4 34 0
0 4 18 8 5 10 4 0 0 55 15 22 94 25 0 5 13 130 11 0 0 3 5 0 4 1 0 2 0 0 0 7 1 10 128 1 3 26 3 0 0 0 1 0 0 4 0 0 0 0 41 0 0 0 4 2 4 4 9 1 57 92 15 1 14 0 89 52 20 16 67 3 2 0 12 7 14 3 1 0 90 0 0 0 0 33 16 2 7 0 18 0 24 6 1 258 0 13 0 3 3 11 28 3 31 3 7 6 38 0
0 17 20 2 10 23 20 10 0 12 18 17 49 32 2 2 19 91 8 0 0 3 7 0 11 1 10 0 1 0 0 0 1 17 204 5 1 19 4 1 0 0 0 0 0 5 0 2 6 1 45 1 1 7 1 1 2 3 2 0 46 93 15 1 24 0 26 35 9 12 94 1 2 4 6 0 6 7 0 0 107 0 0 0 0 28 3 3 4 2 25 0 21 2 2 255 3 5 0 8 5 14 20 4 33 4 9 5 40 1
0 5 19 0 13 27 24 0 0 5 0 23 29 19 2 0 11 56 5 0 1 1 5 3 2 0 0 2 6 3 0 0 1 11 159 4 5 16 8 1 0 3 0 0 3 11 0 0 1 0 60 0 0 3 4 0 1 0 8 1 35 98 13 1 23 2 26 37 5 14 62 5 2 1 2 3 4 3 2 0 97 0 0 0 0 17 8 6 3 0 16 0 21 3 1 191 1 4 0 4 6 25 14 0 40 2 3 2 21 0
0 3 8 4 5 23 15 0 0 33 11 19 66 31 1 0 21 107 5 0 0 0 29 1 17 5 0 2 5 3 0 1 1 6 235 6 1 20 6 1 0 0 1 0 1 4 0 1 0 0 66 1 1 1 8 0 0 1 13 1 45 77 15 1 32 2 29 34 10 4 81 0 3 0 2 10 2 0 0 0 88 0 0 0 0 14 11 2 5 1 11 2 16 2 1 232 7 10 0 0 12 25 16 0 46 11 9 4 30 0
0 5 11 1 6 16 3 1 0 59 17 20 97 27 1 5 14 131 6 0 0 2 10 6 2 1 0 0 0 0 0 0 0 12 126 0 3 15 6 0 1 1 0 1 0 4 0 0 0 1 55 0 0 1 3 2 1 7 5 1 61 101 14 1 19 0 62 47 4 18 86 5 2 0 22 7 10 1 1 0 86 0 0 0 0 19 19 3 1 1 21 0 22 4 2 258 3 13 0 4 12 23 24 2 30 4 5 5 24 1
0 7 14 2 8 15 6 1 0 60 7 22 93 29 0 4 18 132 7 0 2 3 7 0 6 2 0 0 0 0 0 1 0 16 152 1 4 24 7 2 0 1 0 0 3 5 0 0 0 1 57 0 1 0 5 4 1 7 4 0 42 111 14 1 21 2 57 39 10 13 87 1 4 0 20 8 4 2 0 0 89 0 0 0 0 23 8 5 3 1 15 1 34 2 2 240 1 12 0 1 8 21 27 3 31 9 7 5 27 3
0 5 10 3 5 24 2 0 0 0 6 25 36 47 0 2 21 94 7 0 0 2 11 1 16 2 0 12 2 2 0 2 0 27 233 1 6 28 3 1 0 1 0 0 2 11 0 3 2 0 74 1 3 1 10 3 4 4 18 2 56 85 15 1 31 2 16 46 5 0 71 1 7 0 2 12 4 1 5 0 108 0 0 0 0 6 9 4 1 0 11 1 13 6 18 228 6 10 0 1 15 37 8 0 38 7 4 2 34 0
0 8 17 1 15 35 7 2 0 0 0 43 49 36 0 3 18 87 0 0 0 0 8 2 25 2 2 0 3 2 0 4 1 15 210 1 6 14 5 1 0 0 0 0 1 16 0 1 2 0 82 0 0 2 2 3 1 4 6 0 64 83 16 1 44 0 16 27 0 8 94 1 3 0 2 2 12 2 1 0 126 0 0 0 0 9 5 1 3 0 30 1 27 1 1 244 0 6 0 4 11 19 8 0 40 5 4 3 33 1
0 3 17 3 7 20 5 0 0 7 9 37 56 35 2 3 20 99 7 0 0 0 13 0 30 12 5 1 5 1 0 0 0 20 232 2 5 18 6 1 0 0 0 0 1 8 0 1 0 0 73 0 1 1 5 0 1 4 7 1 61 73 16 1 30 6 28 43 4 0 89 2 10 0 0 5 3 3 1 0 106 0 0 0 0 15 6 2 1 0 20 0 14 3 9 232 3 16 0 6 13 22 7 0 45 9 5 7 31 0
0 2 15 2 3 30 7 0 0 1 2 17 22 30 1 3 19 55 2 0 0 0 15 2 1 0 0 1 0 0 0 15 0 13 250 3 5 20 6 0 0 5 0 0 0 14 0 1 2 1 72 2 1 2 2 3 0 1 4 0 40 69 16 1 41 2 8 35 0 3 91 0 1 0 4 8 2 2 1 2 103 0 0 0 0 18 17 0 2 2 11 1 32 2 2 227 2 7 0 4 8 25 4 0 83 13 7 20 56 0
0 4 10 2 3 25 7 0 0 13 7 44 70 29 0 1 14 109 5 0 0 2 11 3 20 1 0 19 0 0 0 6 1 17 191 4 1 19 3 1 0 0 0 0 1 6 0 0 2 0 57 2 1 1 5 0 1 2 6 2 36 75 14 1 19 0 88 55 16 2 92 1 2 0 0 0 7 0 3 0 90 0 0 0 0 16 11 3 8 1 9 0 10 5 20 232 2 8 2 1 9 20 9 6 32 9 5 2 30 3
0 9 12 3 15 21 16 1 0 9 5 33 50 14 0 0 7 76 11 0 0 7 14 1 34 8 10 0 4 0 0 0 1 11 218 6 0 25 6 0 0 0 0 0 1 1 0 0 0 1 72 0 1 4 5 1 2 2 6 1 44 85 15 1 19 0 57 57 12 6 79 1 6 0 16 4 10 1 0 0 112 0 0 0 0 24 6 1 7 1 16 0 22 2 6 211 0 11 1 2 10 23 16 3 31 7 6 4 22 2
0 10 18 0 8 31 7 0 0 13 21 26 65 26 0 0 18 96 3 0 0 1 15 2 23 2 2 5 1 0 0 7 3 7 225 1 2 22 5 2 0 1 1 0 1 13 0 1 0 0 86 0 0 1 8 0 0 0 10 0 62 73 17 1 43 0 18 21 4 11 94 3 2 0 6 8 3 3 1 1 125 0 0 0 0 11 5 5 4 0 18 0 28 3 2 232 4 4 1 3 7 20 13 0 41 10 6 2 33 0
0 9 16 1 10 34 4 0 0 3 0 11 16 22 2 2 11 42 4 0 0 1 14 5 26 8 4 2 8 0 0 0 4 18 276 4 1 6 5 0 0 0 0 0 0 10 0 1 0 0 77 1 0 5 2 0 1 4 7 0 56 64 14 1 27 2 36 47 3 7 93 1 14 0 10 11 9 4 0 0 122 0 0 0 0 19 2 4 3 0 18 0 21 6 2 197 2 5 1 2 12 17 4 2 45 8 5 6 29 3
0 9 19 2 8 43 9 3 0 42 3 23 71 49 1 3 28 126 4 0 0 0 5 2 6 0 1 0 2 0 0 1 0 14 186 11 5 20 7 0 1 1 0 0 0 12 0 0 2 0 69 0 3 3 9 0 4 7 7 1 51 73 17 1 37 0 5 35 3 2 91 1 0 0 8 4 6 3 1 0 116 0 0 0 0 9 5 4 4 0 19 0 22 4 0 237 0 8 0 6 6 19 8 0 48 8 4 2 38 0
