0 0 5 0 8 21 4 1 0 0 0 2 3 9 0 1 2 13 0 0 0 0 23 0 10 5 1 4 9 1 0 4 2 43 312 0 1 5 3 0 0 1 0 0 0 4 0 5 0 0 70 0 9 0 4 6 1 0 12 0 60 36 15 1 51 8 16 25 1 0 71 2 27 0 0 1 1 0 3 4 93 0 0 0 0 0 5 2 2 1 8 0 14 0 7 184 2 9 0 8 18 29 2 0 22 1 2 0 15 0
0 1 7 2 1 23 18 6 0 1 0 2 6 12 0 2 1 21 1 0 0 0 21 0 19 3 4 1 4 0 0 1 0 43 303 4 0 12 10 0 0 3 0 0 0 3 0 2 1 0 53 0 11 0 2 10 1 0 7 0 76 54 16 1 28 42 73 43 4 0 81 0 22 0 2 0 0 1 1 4 80 0 0 0 0 3 1 1 6 0 12 3 15 1 16 226 3 6 0 3 11 21 6 0 23 2 3 3 10 0
0 1 9 0 3 22 12 3 0 2 0 11 15 13 0 2 4 32 3 0 1 2 18 2 32 4 2 7 14 1 0 3 3 50 320 3 2 12 6 0 0 4 0 0 0 5 0 4 0 0 58 0 6 1 3 3 2 5 15 1 50 84 15 1 31 16 37 47 3 0 91 1 13 1 0 0 6 1 1 2 85 0 0 0 0 0 11 0 2 1 18 2 29 5 12 254 1 6 3 0 18 34 11 0 28 6 3 1 16 0
0 4 9 0 4 19 1 0 0 0 0 5 6 13 0 0 2 20 0 0 0 0 35 2 5 2 0 1 25 7 0 12 3 9 362 0 0 4 4 0 0 1 0 0 0 0 0 6 0 0 60 0 2 0 6 1 0 0 18 0 54 24 16 1 49 10 26 28 2 0 51 1 32 0 2 4 2 0 2 6 85 0 0 0 0 0 3 2 0 0 3 0 11 3 5 162 0 2 0 5 29 37 1 0 14 0 6 0 12 0
0 1 8 0 4 25 18 0 0 4 0 10 15 16 0 2 7 40 1 0 0 0 89 2 18 0 0 17 6 0 0 3 30 0 313 3 1 41 6 0 0 1 3 0 1 9 0 0 0 1 103 0 1 0 1 0 0 0 16 0 37 69 22 1 43 0 0 43 1 0 82 4 7 0 0 0 3 1 1 3 121 0 0 0 0 0 0 5 1 0 0 0 21 3 0 274 7 10 4 1 37 55 11 0 44 3 7 0 24 0
0 3 6 0 0 14 8 2 0 2 0 1 8 21 0 1 9 31 0 0 0 0 28 11 2 0 1 0 1 0 0 2 3 13 348 1 2 31 3 0 0 4 0 0 0 11 0 15 0 0 95 0 9 0 8 5 0 2 6 1 72 74 20 1 97 0 0 19 0 0 108 2 21 1 0 0 0 0 0 1 114 0 0 0 0 1 1 8 5 1 3 0 18 12 5 277 2 7 6 0 35 56 4 0 26 1 1 2 15 1
0 2 11 0 1 14 1 1 0 4 1 51 62 17 1 0 9 84 4 0 0 2 24 7 34 1 2 31 1 0 0 2 1 23 241 6 3 18 3 0 1 3 0 0 2 11 0 2 0 0 88 0 0 0 11 2 1 2 5 1 53 65 16 1 41 8 18 36 4 0 103 3 6 5 2 5 0 4 3 0 109 0 0 0 0 2 10 4 4 2 8 3 33 7 11 322 3 15 2 0 22 46 12 0 9 5 0 1 5 0
0 1 5 1 2 20 7 0 0 4 0 3 10 28 0 2 6 43 4 0 0 0 73 3 8 0 0 8 2 0 0 0 16 6 310 6 0 26 9 0 0 2 0 1 0 4 0 6 0 0 117 1 1 0 3 0 0 0 11 1 42 81 20 1 43 2 0 41 0 0 81 1 20 0 0 0 4 0 0 1 131 0 0 0 0 1 13 1 5 4 8 5 6 3 1 252 3 7 1 2 41 65 7 0 23 7 2 0 9 0
0 6 4 1 2 21 13 2 0 2 0 8 10 14 0 0 7 32 0 0 0 0 18 2 18 3 1 0 15 0 0 13 0 35 350 0 0 15 4 0 0 4 0 0 1 5 0 2 0 0 62 1 22 0 4 5 1 3 4 1 45 47 17 1 30 40 26 43 6 1 102 3 7 0 0 1 3 0 1 1 102 0 0 0 0 7 3 3 2 0 4 1 13 4 32 219 2 4 5 2 37 53 6 0 15 0 1 3 12 0
0 2 5 1 11 19 4 0 0 5 0 18 27 22 0 2 9 60 5 0 0 4 64 0 23 0 0 9 1 0 0 2 2 12 299 8 0 24 9 0 0 3 0 0 1 5 0 5 1 0 114 4 3 0 3 3 1 0 11 0 41 42 18 1 38 18 10 43 5 0 55 4 12 5 2 8 2 1 4 3 139 0 0 0 0 0 5 10 12 0 4 1 8 2 1 252 15 7 1 0 23 33 6 0 39 4 0 0 18 0
