0 2 15 2 2 19 9 0 0 10 5 15 37 40 0 6 13 85 3 0 0 2 46 4 23 1 0 0 13 0 0 1 1 11 250 8 6 18 8 0 1 2 0 0 0 16 0 0 0 2 59 0 0 0 3 3 0 0 12 0 38 82 17 1 34 4 2 41 7 0 82 0 3 0 0 28 1 1 1 1 84 0 0 0 0 10 11 5 4 0 8 4 7 6 12 275 3 11 0 2 8 26 13 1 43 11 3 2 28 0
0 5 10 2 13 29 28 0 0 22 5 32 60 37 1 1 15 109 9 0 1 3 16 1 30 8 0 0 18 0 0 7 1 4 255 1 1 19 6 1 0 0 0 0 1 10 0 3 0 0 73 0 2 0 5 2 1 1 8 0 35 72 16 1 63 8 8 23 2 0 105 0 8 0 0 11 5 0 3 1 102 0 0 0 0 11 6 3 8 1 10 2 21 4 0 229 1 7 0 0 11 24 12 0 39 3 7 6 40 0
0 0 6 2 3 10 10 0 0 0 0 6 8 18 0 1 12 34 2 0 0 1 70 5 14 1 0 0 4 0 7 0 2 11 346 1 4 19 4 0 0 2 0 0 5 2 0 0 4 0 54 0 4 2 5 0 1 0 20 1 32 63 18 1 41 6 10 44 0 0 80 1 24 0 0 10 1 0 0 4 73 0 0 0 0 0 7 2 3 4 3 1 19 6 9 318 2 3 1 2 27 42 2 0 31 3 1 3 15 0
0 2 14 0 4 23 34 1 0 8 2 3 19 23 0 1 11 51 9 0 0 2 61 2 19 6 1 1 33 0 0 2 0 6 320 0 1 11 2 0 0 2 0 0 0 8 0 2 4 1 57 0 0 2 8 1 0 0 16 0 42 77 17 1 36 14 16 40 10 0 69 1 27 0 0 16 1 0 1 5 82 0 0 0 0 7 18 2 0 1 6 6 11 5 2 253 1 10 0 1 8 13 12 0 41 8 4 8 37 0
0 1 10 1 4 20 28 0 0 4 8 3 20 21 0 1 9 49 6 0 0 4 35 0 23 8 0 0 40 2 0 1 2 10 344 0 1 20 3 0 0 1 1 0 3 5 0 0 0 0 76 2 1 0 7 0 1 1 13 1 32 73 18 1 35 8 0 42 8 0 78 0 10 0 0 19 0 1 2 2 96 0 0 0 0 8 5 3 3 1 7 2 19 5 5 237 1 5 0 1 10 26 7 0 50 8 7 1 38 0
0 1 7 2 3 13 16 0 0 3 0 3 13 27 0 1 14 51 2 0 0 1 59 6 9 1 0 0 16 0 2 5 3 3 291 0 1 19 7 0 0 3 0 0 1 8 0 5 0 0 60 0 0 0 9 4 0 0 13 0 62 60 17 1 39 2 24 43 2 0 70 0 17 0 0 9 1 1 1 3 76 0 0 0 0 5 5 3 2 4 7 2 22 5 3 262 0 11 0 2 15 31 3 0 60 7 6 2 44 0
0 1 12 2 1 16 11 0 0 10 3 6 20 27 0 3 10 52 4 0 0 3 45 4 10 0 0 0 9 0 12 0 5 9 274 2 2 23 5 0 0 2 0 0 0 9 0 1 0 0 62 4 0 2 12 2 0 0 24 1 61 78 17 1 62 4 0 24 5 0 94 0 14 0 0 10 0 1 1 2 87 0 0 0 0 6 17 7 7 1 8 5 15 7 4 289 21 6 2 3 14 30 12 0 44 11 2 4 23 0
0 1 5 5 5 24 4 0 0 20 15 11 46 36 0 4 12 85 1 0 1 0 46 0 22 5 2 0 19 0 1 0 0 9 249 0 1 17 22 0 0 0 0 1 7 5 0 1 1 1 47 1 1 1 4 0 0 1 7 0 53 100 17 1 29 4 2 38 15 1 90 0 5 0 0 30 3 2 0 1 67 0 0 0 0 17 11 6 5 0 7 1 10 6 2 284 0 16 0 1 7 24 22 0 28 5 4 12 29 0
0 2 18 1 1 24 24 0 0 13 11 25 58 32 0 2 12 98 7 0 1 3 21 5 23 3 0 1 10 0 0 1 5 5 248 4 1 18 8 1 0 0 0 0 2 8 0 0 2 0 68 0 0 3 7 2 1 1 8 1 65 83 16 1 40 2 0 36 5 0 101 0 1 0 0 23 0 3 0 0 96 0 0 0 0 13 16 1 5 1 9 1 14 2 3 232 0 5 2 2 5 25 12 0 50 13 2 7 29 0
0 0 9 0 4 24 18 0 0 6 4 5 16 21 0 5 4 38 0 0 0 0 52 5 13 3 3 1 29 0 1 7 1 11 357 2 1 20 5 0 0 0 0 0 0 5 0 0 1 0 54 3 1 0 5 0 0 4 10 0 43 61 18 1 40 12 10 40 3 0 84 3 24 0 0 16 0 1 0 3 72 0 0 0 0 6 8 2 2 2 8 3 19 0 1 246 2 6 2 0 8 15 5 0 51 6 3 10 35 0
0 1 18 0 3 9 4 0 0 8 9 12 32 30 0 9 10 78 12 0 1 5 57 0 23 3 0 0 5 0 1 0 1 2 265 0 1 10 4 0 0 0 1 2 2 7 0 0 0 0 41 1 0 0 7 0 2 0 3 1 29 104 18 1 31 2 0 42 10 1 85 1 4 0 0 23 1 3 0 2 67 0 0 0 0 9 4 3 20 3 9 2 18 1 0 305 3 6 4 0 4 18 25 0 69 5 0 3 51 0
0 1 24 1 8 22 27 0 0 2 3 3 10 16 0 1 8 30 0 0 0 0 53 4 13 2 2 1 22 0 2 0 2 7 325 2 10 9 4 0 0 3 0 0 0 8 0 4 0 1 62 0 0 0 6 0 0 0 9 1 36 55 18 1 44 10 8 36 1 1 84 2 7 0 0 10 0 0 0 3 91 0 0 0 0 1 3 3 6 1 3 8 13 4 7 264 4 8 2 1 9 16 4 0 59 6 2 1 31 0
0 3 17 1 5 24 27 1 0 1 0 10 12 8 0 0 5 24 0 0 0 0 50 1 13 3 0 0 14 0 2 2 1 8 331 0 7 14 3 1 0 0 1 0 1 6 0 0 0 0 62 0 0 0 2 1 0 1 9 0 41 58 19 1 37 4 6 49 0 0 65 0 21 0 0 9 2 0 1 2 89 0 0 0 0 0 2 3 1 6 12 0 26 10 2 263 1 5 0 2 11 16 4 0 64 6 3 6 42 0
0 6 8 1 1 13 16 0 0 15 3 12 41 17 0 2 7 70 8 0 3 2 34 3 7 0 0 0 20 0 1 0 0 34 293 2 1 22 8 0 0 0 0 0 2 7 0 1 0 0 54 1 2 0 12 0 0 0 6 1 49 84 17 1 29 6 6 45 10 0 73 0 7 0 0 27 0 3 0 2 77 0 0 0 0 12 14 6 7 3 11 2 19 3 3 287 0 7 3 0 12 25 8 0 28 8 2 1 17 0
0 7 11 0 10 22 22 0 0 5 0 18 27 29 1 6 7 69 3 0 0 2 39 4 27 4 3 0 12 0 1 4 1 7 269 2 7 18 5 0 0 1 1 0 2 12 0 1 0 0 59 0 2 0 14 2 0 4 12 0 50 67 17 1 34 6 4 47 2 0 83 0 10 0 0 7 0 0 1 1 81 0 0 0 0 2 2 2 5 0 14 2 14 6 0 265 4 9 0 0 17 26 5 0 63 7 3 6 35 0
0 1 22 0 6 19 25 1 0 20 6 7 35 27 0 2 10 74 9 0 0 6 32 0 6 2 1 1 21 17 6 1 1 2 298 4 0 15 11 0 0 0 0 0 2 14 0 1 2 0 74 1 1 1 2 7 1 1 12 2 46 76 16 1 49 0 2 33 4 0 96 0 8 0 0 10 1 2 1 2 107 0 0 0 0 10 9 0 2 0 4 1 7 5 1 247 11 7 1 2 16 29 2 0 31 8 4 1 20 0
0 4 11 1 2 27 12 0 0 12 1 16 29 34 0 1 14 65 1 0 0 0 59 0 9 1 0 2 16 3 1 1 0 8 293 1 3 22 7 0 0 3 1 0 0 7 0 2 0 1 93 3 0 0 4 2 0 0 33 0 42 66 20 1 42 8 0 39 3 0 81 0 8 0 0 18 2 0 0 1 115 0 0 0 0 4 9 0 3 0 3 0 2 5 0 233 2 13 1 2 8 20 4 0 63 9 1 8 44 0
0 4 22 2 2 28 19 0 0 1 0 27 32 15 1 0 5 56 1 0 0 0 30 2 29 2 1 10 26 0 1 4 1 12 322 1 0 14 2 0 0 0 0 0 3 9 0 1 0 0 66 0 2 0 3 1 0 2 18 0 42 72 17 1 34 8 26 52 0 0 78 2 19 0 0 6 2 0 1 4 104 0 0 0 0 0 3 0 5 4 8 1 24 9 1 228 2 7 0 1 18 36 3 0 52 7 4 5 32 0
0 2 18 0 0 18 6 0 0 4 11 11 30 34 0 4 8 75 6 0 0 2 46 5 10 1 0 0 25 0 0 0 0 8 318 2 1 25 10 0 0 1 0 0 5 6 0 1 0 1 51 2 0 0 5 0 0 0 6 0 59 74 20 1 38 4 6 35 8 0 96 0 3 0 0 23 0 2 1 0 76 0 0 0 0 16 12 4 6 0 15 3 6 0 1 255 2 2 1 1 7 26 14 0 32 10 3 4 20 0
0 3 20 0 5 13 24 1 0 18 5 12 42 26 0 5 10 74 5 0 0 2 31 3 10 0 6 0 23 0 6 7 1 0 278 1 0 13 6 0 0 0 1 0 0 5 0 1 0 0 74 1 0 0 3 0 1 0 5 1 41 72 17 1 39 4 16 38 2 1 84 1 15 0 0 14 3 5 0 3 109 0 0 0 0 5 4 1 8 1 11 2 22 3 0 218 1 6 3 0 14 25 8 0 59 7 3 4 35 0
0 0 17 2 4 20 9 1 0 27 2 10 46 35 2 1 14 90 4 1 0 2 52 3 12 2 0 1 16 2 0 0 0 3 249 1 0 22 9 0 0 2 0 3 2 4 0 0 0 0 63 1 0 0 11 0 2 0 8 0 42 83 17 1 58 4 0 27 3 0 104 2 8 0 0 7 2 4 0 1 90 0 0 0 0 15 17 4 5 1 18 5 11 2 2 293 1 6 1 0 6 33 14 0 60 10 10 3 33 0
0 0 18 1 9 15 21 0 0 0 0 6 6 21 0 0 14 31 1 0 0 1 73 2 14 4 0 1 27 7 1 1 0 11 314 0 1 2 4 0 0 3 0 0 0 5 0 0 0 0 46 0 1 0 13 0 0 0 9 0 55 58 18 1 43 0 10 40 1 0 113 1 9 0 0 9 0 0 1 3 70 0 0 0 0 2 6 2 0 4 2 7 20 3 2 287 5 11 3 0 14 32 7 0 40 3 1 3 31 0
0 1 17 2 3 21 16 3 0 8 5 2 20 37 0 5 15 69 8 0 0 2 18 0 5 0 5 0 10 0 0 0 0 8 281 1 2 24 14 0 0 1 0 0 3 8 0 0 3 0 59 0 1 1 1 1 1 4 4 1 37 105 18 1 30 0 6 41 14 0 89 0 7 0 0 31 1 1 0 1 84 0 0 0 0 20 21 2 6 0 14 4 14 6 0 251 1 4 0 1 2 17 12 0 56 13 4 6 34 0
0 1 18 0 11 34 27 0 0 8 0 4 14 9 0 1 3 28 1 0 0 1 70 5 10 2 0 0 36 3 3 4 2 8 317 0 0 17 6 0 0 2 0 0 1 13 0 0 0 0 58 0 1 0 9 5 0 0 20 0 63 73 19 1 45 2 2 41 0 0 91 2 10 0 0 9 2 0 0 1 81 0 0 0 0 2 2 7 4 2 4 3 14 1 7 284 3 8 1 0 14 30 8 0 48 2 4 7 31 0
0 3 6 0 12 27 10 0 0 9 9 6 27 35 0 6 17 83 15 0 0 3 10 5 8 6 0 1 7 0 0 0 1 6 256 0 3 18 7 2 0 0 0 0 1 4 0 1 2 2 68 0 0 2 6 0 1 2 2 0 57 102 17 1 26 4 0 44 16 0 83 0 7 0 0 32 0 2 2 3 88 0 0 0 0 22 9 0 9 1 17 1 12 1 3 246 1 14 0 0 7 13 21 2 29 3 3 4 32 0
0 4 19 1 10 20 39 0 0 13 3 12 32 39 0 1 17 84 3 0 0 1 17 2 22 6 0 2 13 0 1 3 1 13 301 5 1 24 10 0 0 1 0 0 1 9 0 0 0 0 70 1 0 0 1 0 0 2 3 0 26 83 18 1 36 4 4 46 2 0 93 0 8 0 0 21 2 0 1 1 99 0 0 0 0 6 3 3 2 0 15 1 19 5 2 243 3 4 0 0 10 25 4 0 42 1 5 5 40 0
0 4 10 1 12 21 18 1 0 1 0 11 15 25 0 5 4 41 0 0 0 0 61 7 20 0 0 0 26 0 0 0 7 13 304 0 8 4 5 0 0 2 0 0 0 9 0 3 0 0 59 1 4 0 6 0 0 0 9 0 37 59 20 1 40 2 4 45 0 0 62 0 14 0 0 7 4 0 2 5 90 0 0 0 0 1 2 1 1 1 11 7 26 1 0 297 2 9 0 0 8 15 5 0 58 6 3 10 37 0
0 0 16 0 3 15 17 0 0 2 6 10 18 30 0 2 8 53 3 0 0 1 36 1 10 2 0 0 18 0 2 0 3 7 318 2 5 16 3 0 0 1 0 0 0 3 0 1 0 0 60 0 0 0 6 0 1 1 6 0 49 87 18 1 38 12 2 40 4 0 85 2 9 0 0 13 2 0 0 0 78 0 0 0 0 12 19 3 5 4 9 3 15 1 2 270 5 3 3 0 7 23 22 0 31 7 5 3 22 0
0 4 19 0 13 26 24 0 0 16 3 9 28 19 0 5 5 52 2 0 0 1 30 2 10 3 0 0 16 0 0 2 2 8 255 5 15 17 8 0 0 3 0 0 0 10 0 1 0 2 62 1 0 0 6 0 1 0 8 1 35 59 18 1 38 4 0 41 3 0 89 0 6 0 0 13 6 2 0 3 98 0 0 0 0 12 3 2 2 0 6 4 28 1 3 240 0 4 0 0 16 23 5 0 78 6 2 6 52 2
0 0 8 0 0 22 19 0 0 12 1 6 24 26 0 1 7 57 3 0 0 0 71 2 9 0 1 0 4 0 6 1 4 3 295 1 0 17 4 0 0 1 0 0 3 5 0 0 0 0 59 3 1 0 7 0 0 0 15 1 51 73 19 1 51 4 10 35 0 0 85 0 12 0 0 13 1 0 1 4 77 0 0 0 0 1 15 6 8 2 6 4 17 3 0 288 14 5 3 0 17 42 10 0 31 9 0 3 28 0
0 0 6 0 2 24 19 0 0 22 0 6 29 29 0 1 11 66 2 0 0 1 89 7 11 1 0 0 16 0 3 0 0 3 278 1 2 13 7 1 0 0 0 0 1 11 0 0 1 1 71 1 0 0 13 3 0 1 32 0 41 68 18 1 63 2 2 29 0 0 91 0 16 0 0 10 6 0 0 3 88 0 0 0 0 1 12 10 5 2 7 4 11 3 1 315 7 9 5 2 14 29 4 0 31 9 3 2 12 0
0 0 14 2 11 31 17 0 0 14 5 23 42 47 0 6 16 100 10 0 0 5 33 0 22 2 0 0 15 0 0 0 0 10 298 8 11 32 3 0 0 4 1 0 0 4 0 3 0 4 71 3 1 0 3 1 0 0 11 0 35 75 20 1 30 4 4 44 11 0 76 0 6 0 0 25 0 1 0 0 92 0 0 0 0 9 9 3 4 0 5 4 7 2 1 232 5 3 4 0 6 19 10 0 33 12 2 3 25 0
0 1 7 0 5 25 6 0 0 19 1 19 41 28 0 0 8 76 3 0 0 2 44 6 11 5 0 4 21 8 2 0 3 2 290 1 3 28 12 0 0 7 1 0 3 5 0 1 0 0 91 1 1 0 2 2 0 0 4 0 31 80 18 1 56 20 2 28 4 0 95 0 11 0 0 11 3 1 3 1 109 0 0 0 0 2 15 8 5 3 10 0 27 6 1 268 4 2 0 3 9 35 12 0 49 9 0 4 20 0
0 1 12 1 3 16 18 0 0 32 1 1 34 12 0 3 7 50 1 0 0 0 60 14 11 3 0 0 34 2 2 0 1 4 304 1 0 30 4 0 1 0 2 0 0 5 0 3 0 0 89 0 0 0 7 0 0 0 5 0 61 67 18 1 45 0 2 32 2 0 89 0 21 0 0 15 1 1 1 1 108 0 0 0 0 2 8 6 3 3 3 2 4 3 0 245 5 4 0 0 20 38 5 0 65 13 3 5 31 0
0 1 8 4 12 26 28 0 0 7 8 3 19 39 0 3 16 69 3 0 0 2 34 0 24 4 0 0 23 0 1 0 0 4 278 3 0 23 14 0 4 2 0 0 3 3 0 0 0 1 52 1 0 0 7 1 0 0 8 0 31 82 20 1 39 6 0 37 6 0 101 0 4 0 0 28 0 0 1 0 71 0 0 0 0 8 16 1 0 0 10 0 34 1 0 254 1 7 0 1 8 24 10 0 59 14 8 4 26 0
0 1 18 0 8 16 25 4 0 24 0 4 33 27 0 4 9 63 2 0 0 2 47 1 12 0 0 5 46 26 1 0 0 3 307 2 0 10 5 0 0 0 0 0 0 12 0 2 0 0 88 1 0 1 12 4 1 0 14 0 57 48 19 1 55 2 10 34 0 0 89 0 15 0 0 9 1 0 0 0 112 0 0 0 0 0 6 8 1 6 10 2 13 3 0 239 3 12 0 1 12 24 1 0 49 4 5 8 46 0
0 0 18 3 3 31 12 0 0 34 5 21 63 41 1 0 17 111 3 0 0 0 35 6 6 1 0 0 13 0 2 7 3 1 273 1 1 18 8 0 0 1 0 0 0 9 0 1 0 1 65 0 0 0 1 0 0 0 3 0 60 57 18 1 42 8 10 37 3 0 83 1 21 0 0 24 2 0 1 2 91 0 0 0 0 7 5 6 3 1 17 1 20 3 2 261 1 8 1 0 9 18 8 0 49 8 4 4 29 0
0 1 15 1 6 22 21 0 0 10 3 7 23 23 0 3 12 53 3 0 1 0 42 1 19 7 0 0 14 1 7 5 0 3 300 3 0 15 4 0 0 1 0 0 2 9 0 2 0 1 79 0 1 2 5 1 1 1 10 0 43 61 16 1 38 14 36 43 0 2 83 0 0 0 0 17 5 1 2 1 108 0 0 0 0 10 12 1 6 0 6 2 18 3 1 238 5 4 2 2 10 25 7 1 45 5 6 6 27 0
0 0 16 1 9 19 15 0 0 10 5 3 18 36 0 1 21 66 4 0 1 2 37 0 16 2 0 1 17 0 3 2 2 9 307 0 0 28 9 0 1 0 0 0 0 7 0 0 0 0 80 0 0 1 0 0 2 1 17 2 33 42 17 1 40 4 10 35 6 0 75 0 23 0 0 27 4 1 2 4 110 0 0 0 0 6 6 2 2 0 17 1 11 4 1 240 0 2 0 5 8 15 2 0 60 13 4 2 38 0
0 2 13 0 7 17 27 0 0 13 3 24 44 26 0 2 17 77 5 0 1 3 46 0 18 11 0 0 30 10 5 0 2 4 255 4 2 14 7 0 1 0 0 0 1 9 0 0 1 0 66 0 0 0 10 2 0 2 17 0 41 91 18 1 58 0 0 27 3 0 113 0 6 0 0 13 1 2 0 1 86 0 0 0 0 10 15 3 7 3 9 1 12 4 2 277 0 5 0 0 16 49 12 0 48 8 8 2 36 0
0 2 4 1 4 17 7 0 0 17 4 6 39 35 0 1 19 89 11 0 0 6 57 15 5 2 0 0 30 0 0 0 8 8 297 5 1 19 9 0 1 1 0 0 0 8 0 1 0 2 57 0 0 0 5 0 0 0 8 2 61 67 19 1 42 10 4 35 7 0 80 0 21 0 0 25 2 1 0 4 72 0 0 0 0 7 10 14 9 0 25 2 14 5 0 302 6 17 6 1 5 14 5 0 45 9 6 1 21 0
0 4 16 2 6 25 10 0 0 23 5 18 50 30 0 4 17 85 0 0 0 0 19 1 22 0 4 0 4 2 0 0 0 29 205 5 2 26 14 1 0 3 0 0 0 7 0 2 2 2 91 1 0 2 5 0 0 1 13 0 63 113 18 1 50 0 0 28 4 0 106 0 2 0 2 13 5 3 1 0 126 0 0 0 0 16 24 4 1 0 15 0 15 5 1 256 1 7 0 5 9 38 8 1 39 18 2 4 26 1
0 1 22 0 2 25 13 0 0 18 21 51 98 34 0 1 15 150 7 0 0 4 13 1 35 13 8 2 6 3 0 0 1 3 203 4 3 34 8 0 1 0 0 0 1 13 0 1 0 0 62 1 1 1 1 0 1 1 5 1 22 82 16 1 40 2 2 29 9 0 108 7 1 0 6 23 3 0 0 1 93 0 0 0 0 22 8 12 10 0 21 0 30 1 2 266 4 14 0 0 8 31 19 0 61 16 5 8 43 0
0 5 10 3 5 17 15 0 0 13 3 31 50 21 1 0 14 74 3 0 0 3 13 4 19 3 1 2 13 0 1 3 3 12 252 3 3 29 5 1 0 0 0 0 0 2 0 3 0 0 75 1 1 1 0 5 0 2 3 0 43 68 15 1 35 16 46 36 5 3 109 0 14 0 2 9 1 2 0 1 101 0 0 0 0 16 5 3 5 0 8 0 30 6 3 237 2 7 1 3 11 18 10 0 49 15 0 13 23 2
0 2 16 3 3 17 9 1 0 48 14 5 68 47 2 3 16 130 11 0 3 0 8 2 27 0 9 0 2 1 0 0 0 7 188 2 0 25 14 0 0 0 0 0 0 9 0 1 0 1 43 0 0 1 1 0 0 1 3 0 41 115 17 1 23 2 6 52 9 0 127 2 0 0 2 20 0 1 0 1 67 0 0 0 0 35 9 0 5 1 28 0 14 2 1 245 0 8 0 1 4 19 12 2 56 17 1 12 35 0
0 3 15 5 4 26 25 2 0 21 4 12 44 18 0 0 7 72 6 0 1 0 15 2 40 0 13 0 15 0 1 0 1 4 239 0 1 19 17 0 0 0 0 0 0 11 0 0 2 0 76 1 0 1 5 0 1 0 5 0 51 99 19 1 38 0 0 33 9 1 95 0 3 0 4 32 0 2 0 0 103 0 0 0 0 17 11 6 1 1 14 0 26 5 0 251 2 14 8 2 5 25 11 0 61 17 8 7 29 0
0 2 11 5 8 18 14 0 0 36 3 29 69 23 0 1 7 106 7 0 0 2 13 4 36 0 11 0 10 0 0 0 1 6 178 2 3 29 14 0 0 1 1 0 3 7 0 1 2 0 50 0 0 2 0 0 0 2 8 0 48 129 19 1 37 2 0 31 10 0 98 0 3 0 0 30 4 3 0 0 77 0 0 0 0 34 21 8 2 0 17 0 18 2 0 256 1 7 2 5 8 42 20 1 39 8 2 14 30 0
0 4 13 1 5 22 14 0 0 39 14 38 94 40 0 0 15 143 5 0 0 1 15 0 28 3 9 0 2 0 0 1 0 6 198 5 0 35 12 0 1 0 1 0 2 12 0 1 0 0 63 1 0 0 2 1 0 2 3 0 30 102 19 1 30 2 0 41 8 1 114 0 2 0 0 22 0 3 1 1 89 0 0 0 0 17 21 5 5 0 12 0 9 4 0 249 0 8 1 0 2 25 13 0 62 15 14 6 46 0
0 3 6 4 5 14 14 0 0 43 15 23 85 37 1 4 19 131 5 0 0 1 21 2 46 0 30 0 8 0 0 0 0 15 215 0 3 33 12 0 1 1 0 0 3 6 0 1 3 0 57 0 0 1 1 1 1 0 6 0 32 105 17 1 40 8 0 30 8 0 102 3 14 0 2 31 7 3 0 1 83 0 0 0 0 30 11 4 5 0 19 1 17 1 1 278 0 15 0 3 5 25 17 0 35 13 1 3 12 0
0 3 13 0 1 26 22 1 0 43 10 7 72 38 0 0 18 132 9 0 0 3 21 4 22 1 6 0 4 1 1 0 3 5 196 3 2 28 8 1 0 0 1 0 0 12 0 0 1 1 74 0 1 0 7 2 2 1 3 0 69 112 17 1 43 20 0 31 7 0 105 0 8 0 2 15 3 3 0 0 98 0 0 0 0 18 9 10 2 0 11 1 12 10 4 232 4 18 1 0 6 22 18 0 49 15 3 8 40 0
0 1 9 3 7 17 19 0 0 38 11 19 73 36 0 1 19 123 9 0 1 5 11 3 49 1 19 0 7 0 0 0 1 6 230 0 4 43 16 0 1 1 0 0 1 2 0 0 1 0 78 0 0 2 1 0 1 3 10 0 55 94 17 1 27 2 0 42 16 0 76 4 2 0 0 38 4 3 0 0 101 0 0 0 0 21 20 10 6 0 10 0 14 2 0 233 2 21 0 5 5 20 20 0 34 9 4 6 20 0
0 6 8 2 1 20 33 1 0 27 12 21 64 52 0 11 27 129 13 0 0 4 2 0 57 4 15 18 8 6 0 1 2 20 229 2 1 35 5 0 0 3 0 1 0 5 0 2 0 0 39 0 0 0 2 7 0 0 4 0 35 95 17 1 27 0 2 36 19 0 107 0 5 0 0 32 0 7 0 0 62 0 0 0 0 25 3 8 9 1 37 0 17 3 7 259 3 9 1 2 3 19 11 1 54 13 1 6 37 0
0 0 23 3 7 13 7 0 0 34 20 32 90 34 0 4 15 135 9 0 1 4 5 1 50 1 13 31 28 5 1 5 0 1 235 4 0 29 11 0 0 0 0 0 2 7 0 1 1 0 63 0 0 1 3 0 0 0 4 0 59 120 19 1 39 0 2 25 16 0 104 0 3 0 2 25 1 1 0 0 93 0 0 0 0 20 9 10 11 0 13 0 25 2 13 252 1 25 3 3 5 30 31 0 56 20 0 3 30 0
0 3 6 0 5 19 11 1 0 43 19 30 101 31 0 0 23 151 8 0 1 5 21 2 38 1 8 1 8 1 0 0 0 5 198 2 0 24 16 1 0 0 0 0 0 7 0 1 1 0 65 2 0 0 2 0 2 2 7 1 39 87 16 1 34 8 0 33 12 1 107 1 3 0 4 23 4 3 0 0 84 0 0 0 0 26 22 11 4 1 6 0 18 8 6 257 2 15 0 3 6 27 20 1 41 17 2 3 26 0
0 7 15 2 7 36 19 0 0 24 15 26 73 43 0 1 14 124 4 0 0 3 12 2 24 3 10 0 18 1 0 2 0 5 204 7 0 20 10 1 0 2 0 0 0 4 0 0 0 0 69 0 0 0 1 0 0 2 2 1 45 86 18 1 36 0 0 34 8 0 89 1 5 0 4 22 4 4 1 0 103 0 0 0 0 18 12 2 4 1 18 0 10 0 0 221 1 7 0 1 9 23 16 3 67 12 0 9 32 0
0 2 6 9 5 24 19 0 0 38 16 36 94 30 0 2 14 136 9 0 0 5 5 1 39 20 13 6 16 8 0 3 0 21 206 7 0 23 7 0 0 0 0 0 0 7 0 0 0 0 43 0 0 1 4 0 0 1 1 0 25 109 19 1 30 0 0 30 16 1 90 0 3 0 0 33 3 0 0 0 64 0 0 0 0 44 19 7 9 0 19 0 20 1 0 249 2 15 1 0 2 16 18 0 41 5 4 12 33 0
0 0 10 6 4 21 24 0 0 44 30 14 94 39 0 3 19 150 9 0 0 4 18 1 37 0 18 0 1 0 0 0 1 1 130 1 2 26 29 0 0 1 0 0 0 11 0 0 1 0 64 0 0 1 1 0 0 1 2 0 46 117 19 1 29 0 2 29 23 0 88 0 5 0 0 34 1 1 0 0 83 0 0 0 0 19 28 19 7 0 19 0 26 1 0 298 0 28 1 2 2 22 28 0 46 19 9 4 21 0
0 2 14 2 7 14 18 0 0 38 19 24 87 45 0 2 14 141 7 0 0 3 5 0 53 9 33 0 9 1 0 0 0 15 189 1 3 32 7 0 0 0 0 0 2 5 0 0 0 1 44 0 1 0 4 2 0 2 6 0 39 96 17 1 19 8 0 62 8 1 123 0 0 0 6 32 1 0 0 0 64 0 0 0 0 53 11 4 2 0 12 0 12 3 9 222 0 18 0 3 4 23 27 6 36 14 1 3 17 0
0 8 20 3 6 14 20 0 0 51 24 6 90 44 1 2 30 161 24 0 1 8 6 0 30 2 11 1 17 0 0 0 0 5 150 2 0 35 14 1 0 0 0 0 1 4 0 0 0 0 45 0 0 1 2 1 2 0 3 0 46 109 16 1 36 6 0 28 11 1 110 2 1 0 2 28 1 4 0 0 84 0 0 0 0 33 19 5 9 1 37 0 23 6 1 307 2 17 0 1 2 12 25 0 42 10 9 10 32 3
0 5 10 3 4 18 17 0 0 57 13 13 87 43 0 1 25 140 6 0 0 4 9 0 58 1 18 0 3 0 0 1 3 15 204 3 0 21 10 0 0 0 0 0 2 2 0 0 2 2 41 0 1 2 2 4 1 1 12 0 33 102 16 1 27 0 2 39 10 5 101 1 1 0 2 38 2 3 0 0 67 0 0 0 0 36 7 6 5 0 17 0 30 4 0 235 1 10 0 4 3 28 25 5 36 11 4 4 27 4
0 4 8 3 7 15 19 0 0 35 27 12 79 38 0 2 18 136 13 0 0 1 9 0 43 2 14 0 6 0 0 0 0 6 187 2 0 25 19 0 0 0 0 0 0 11 0 0 3 0 45 1 1 2 6 0 4 0 7 0 56 115 19 1 34 4 0 28 15 2 100 0 3 0 0 36 3 3 0 0 71 0 0 0 0 31 10 6 5 0 17 0 18 5 0 261 0 14 0 3 6 16 15 2 50 5 4 17 41 0
0 4 8 5 3 8 33 0 0 19 18 13 58 36 0 1 8 103 8 0 0 2 27 1 61 4 22 0 6 0 1 1 2 15 254 0 0 35 16 1 1 1 0 0 0 11 0 0 1 0 57 1 0 1 6 0 1 1 2 0 40 102 15 1 28 2 21 32 24 1 91 2 4 0 2 47 2 1 0 0 81 0 0 0 0 28 11 5 4 1 4 1 13 2 0 233 2 11 2 0 2 15 17 0 42 12 2 11 17 0
0 6 19 3 7 26 22 4 0 28 10 11 53 27 0 0 14 90 8 0 0 2 19 2 39 0 14 0 14 0 0 2 0 5 241 1 0 28 6 0 0 1 0 0 4 8 0 1 2 1 76 0 2 1 3 2 1 1 6 0 50 94 17 1 36 6 0 34 10 1 97 0 7 0 2 28 1 3 1 0 112 0 0 0 0 14 5 4 8 1 13 1 20 4 0 244 2 9 0 2 4 29 16 0 52 11 8 3 34 0
0 2 11 7 6 21 28 0 0 18 18 4 42 27 0 0 14 93 19 0 0 5 14 0 64 0 28 0 11 0 0 2 1 7 213 1 3 23 12 0 0 1 0 1 1 10 0 0 2 2 45 0 2 2 3 2 0 0 11 0 26 91 18 1 20 0 0 51 25 1 72 0 2 0 0 61 0 1 0 1 72 0 0 0 0 45 15 10 7 0 17 1 24 0 1 275 2 16 0 0 3 21 18 1 47 5 2 7 22 0
0 3 14 5 2 15 4 0 0 43 15 23 85 45 1 8 19 145 11 1 0 1 5 1 48 3 17 0 2 0 0 1 0 8 195 2 1 23 10 0 0 0 0 0 0 6 0 0 0 0 57 0 0 0 0 0 2 0 11 1 37 101 17 1 22 6 8 52 11 0 110 0 0 0 6 31 0 2 1 0 83 0 0 0 0 25 7 4 9 0 16 0 13 1 0 226 1 13 1 3 3 19 11 0 48 14 2 5 34 2
0 3 7 1 2 12 24 10 0 59 21 11 97 31 1 1 14 149 18 0 0 7 13 1 45 2 33 0 12 0 0 2 0 12 187 3 5 27 14 0 0 0 0 0 0 4 0 2 0 0 46 0 0 1 7 1 1 1 2 1 56 102 16 1 22 2 0 37 25 3 75 0 0 0 0 43 0 3 0 0 61 0 0 0 0 35 11 14 1 0 13 0 34 2 2 257 2 24 0 1 3 22 16 7 46 12 3 8 25 1
0 7 10 5 4 24 18 0 0 30 14 6 57 45 6 2 24 119 10 0 0 3 5 0 20 0 7 0 6 0 0 0 1 7 182 5 0 21 13 0 0 0 0 0 0 4 0 1 1 2 40 1 2 0 4 0 1 0 2 0 51 101 17 1 29 6 2 33 13 3 108 0 1 0 2 15 1 6 1 0 73 0 0 0 0 41 11 2 9 1 19 0 22 0 2 267 0 8 4 4 5 18 16 1 53 13 1 11 39 1
0 2 8 4 7 18 25 0 0 29 9 6 49 48 1 1 25 111 10 0 0 7 12 0 39 1 13 1 6 0 0 0 0 5 186 3 1 28 9 0 0 0 1 0 3 3 0 1 1 0 52 0 0 0 4 1 1 1 7 0 37 132 17 1 34 2 0 33 10 0 117 0 0 0 6 30 1 3 0 0 70 0 0 0 0 41 9 7 3 0 13 0 25 6 3 241 3 10 0 0 1 18 26 1 48 16 5 16 33 1
0 3 21 10 8 17 25 0 0 26 6 29 67 24 0 0 13 96 4 0 0 1 16 2 66 9 4 0 19 3 2 4 1 5 272 4 1 16 6 0 0 0 0 0 1 6 0 0 0 0 59 0 0 0 0 0 0 0 12 0 31 91 18 1 38 8 0 40 3 0 90 0 7 0 14 11 5 0 1 3 102 0 0 0 0 9 10 4 6 0 12 0 25 5 1 231 2 11 0 2 17 24 17 0 39 4 4 11 25 0
0 2 25 6 6 15 17 0 0 27 5 12 55 43 0 1 20 113 8 0 0 1 13 1 40 6 4 0 2 0 0 0 0 23 187 0 0 17 7 0 0 0 0 0 0 11 0 1 0 0 70 2 0 0 5 3 0 0 6 0 46 121 20 1 34 8 2 40 6 0 90 0 0 0 2 24 3 1 0 0 109 0 0 0 0 26 13 2 8 0 16 1 15 3 0 251 1 16 1 1 0 23 13 0 62 18 3 6 31 0
0 1 15 3 2 20 18 1 0 46 18 5 71 43 0 1 18 126 7 0 0 2 9 1 47 1 17 1 1 0 0 7 1 9 210 2 0 24 9 1 0 0 0 0 2 9 0 0 3 1 43 1 0 2 4 0 3 0 2 0 39 135 17 1 34 16 0 39 7 0 88 0 5 0 2 35 5 4 0 0 75 0 0 0 0 34 15 15 4 0 12 0 18 4 0 243 0 22 0 1 2 20 25 1 45 9 4 9 39 0
0 5 19 1 2 30 11 1 0 50 4 9 72 58 0 4 34 146 12 0 3 0 14 0 10 0 0 0 5 2 0 1 0 4 127 1 0 21 9 0 0 2 0 0 0 7 0 0 2 6 59 2 1 2 2 0 0 0 10 0 34 135 20 1 28 0 0 50 1 0 127 0 0 0 0 9 0 8 0 2 99 0 0 0 0 23 9 6 7 2 16 0 34 0 2 257 0 16 0 2 0 36 15 0 57 21 5 13 37 0
0 3 15 2 5 28 14 0 0 14 11 24 55 27 0 2 19 95 7 0 1 0 25 3 26 1 7 6 3 0 0 0 2 3 202 2 6 26 8 1 0 1 0 0 2 5 0 1 4 1 91 2 0 2 1 0 2 0 5 1 45 80 17 1 46 2 6 30 5 0 93 0 1 0 2 19 6 1 1 0 124 0 0 0 0 13 7 4 9 0 11 0 21 6 2 260 3 4 1 3 10 25 10 0 59 17 6 9 43 0
0 5 30 0 13 35 16 0 0 2 1 21 31 23 1 1 11 61 4 0 0 2 35 2 40 1 7 2 4 2 2 0 0 9 231 2 4 19 5 0 0 2 1 0 5 15 0 0 0 0 76 2 2 1 4 0 1 0 5 0 45 93 18 1 33 0 8 45 1 0 93 0 0 0 2 6 0 0 0 0 116 0 0 0 0 9 3 4 10 0 20 2 26 6 1 265 0 8 2 0 14 38 13 0 56 10 10 10 35 0
0 2 11 3 7 20 25 1 0 57 19 12 100 35 0 2 12 151 12 0 0 7 5 5 59 2 20 0 3 0 0 0 0 11 185 4 0 36 12 0 0 0 0 0 1 4 0 0 0 0 57 1 0 0 2 0 0 0 6 1 45 108 17 1 22 6 2 49 14 4 88 0 2 0 0 44 2 2 1 0 79 0 0 0 0 31 7 10 1 0 6 0 14 1 0 201 2 14 1 1 2 21 22 1 59 11 3 11 44 1
0 4 15 0 4 25 3 0 0 59 17 22 107 55 0 0 26 174 9 0 1 6 6 0 30 0 14 0 4 0 0 0 0 1 157 3 0 20 6 0 1 1 0 0 1 7 0 1 3 5 37 0 0 1 3 0 1 0 7 0 24 113 20 1 24 0 11 37 22 0 87 0 0 0 0 33 1 1 0 0 60 0 0 0 0 28 18 9 10 2 16 0 11 0 0 243 0 25 0 3 0 31 11 1 50 8 15 5 33 0
0 4 14 0 7 21 16 0 0 31 7 19 64 34 0 0 15 108 7 0 0 1 31 0 25 1 7 0 10 2 0 0 1 6 201 5 0 26 10 0 1 0 0 0 0 7 0 1 2 2 89 1 0 1 2 0 0 0 5 1 36 88 17 1 37 4 6 37 4 0 100 0 3 0 2 18 3 0 0 2 115 0 0 0 0 18 8 8 12 0 19 1 6 3 1 262 6 12 0 0 5 25 11 1 49 11 10 4 29 1
0 0 11 3 4 16 19 0 0 17 16 7 47 28 1 4 10 94 15 0 0 5 9 2 37 5 8 0 4 0 0 2 1 6 204 0 1 25 13 0 0 1 0 0 2 6 0 0 0 1 70 2 1 0 4 0 0 1 3 1 55 107 16 1 42 16 0 31 7 0 116 1 7 0 4 21 2 2 0 2 93 0 0 0 0 19 18 8 3 0 12 0 16 4 4 229 0 14 0 4 1 21 11 1 58 8 7 9 44 0
0 2 4 2 2 14 28 0 0 32 26 21 83 18 0 1 9 116 12 0 1 1 8 0 65 0 21 0 13 4 0 1 2 4 236 3 0 38 17 0 0 1 0 0 3 4 0 0 2 1 46 2 1 1 6 0 2 2 6 0 30 108 16 1 21 0 0 51 18 1 102 1 3 0 6 47 2 3 0 0 63 0 0 0 0 25 15 6 4 0 9 0 28 1 0 236 0 5 1 3 7 20 13 0 36 15 0 10 21 1
0 3 13 1 6 21 20 0 0 47 5 22 80 43 0 3 21 131 3 0 0 1 21 5 25 1 9 0 12 2 0 1 0 5 193 1 3 28 15 0 0 1 0 1 0 2 0 0 0 0 79 0 0 1 3 0 1 1 5 0 40 96 18 1 37 6 0 37 6 0 95 0 5 0 2 21 2 3 0 1 103 0 0 0 0 19 12 6 5 1 10 0 20 1 0 251 1 11 1 2 9 29 16 0 62 13 4 15 41 0
0 8 7 7 4 22 20 2 0 27 14 12 58 50 0 8 29 121 11 0 0 6 6 1 23 1 11 0 8 4 0 0 2 16 230 0 0 21 13 0 0 0 1 0 1 4 0 1 0 2 48 1 0 0 4 18 1 1 3 0 68 100 17 1 31 0 4 32 15 0 111 0 2 0 2 19 1 2 0 0 74 0 0 0 0 24 8 5 5 2 11 0 14 5 1 231 2 8 0 0 3 16 27 0 51 11 2 7 41 0
0 2 15 2 2 19 9 0 0 10 5 15 37 40 0 6 13 85 3 0 0 2 46 4 23 1 0 0 13 0 0 1 1 11 250 8 6 18 8 0 1 2 0 0 0 16 0 0 0 2 59 0 0 0 3 3 0 0 12 0 38 82 17 1 34 4 2 41 7 0 82 0 3 0 0 28 1 1 1 1 84 0 0 0 0 10 11 5 4 0 8 4 7 6 12 275 3 11 0 2 8 26 13 1 43 11 3 2 28 0
0 5 10 2 13 29 28 0 0 22 5 32 60 37 1 1 15 109 9 0 1 3 16 1 30 8 0 0 18 0 0 7 1 4 255 1 1 19 6 1 0 0 0 0 1 10 0 3 0 0 73 0 2 0 5 2 1 1 8 0 35 72 16 1 63 8 8 23 2 0 105 0 8 0 0 11 5 0 3 1 102 0 0 0 0 11 6 3 8 1 10 2 21 4 0 229 1 7 0 0 11 24 12 0 39 3 7 6 40 0
0 0 6 2 3 10 10 0 0 0 0 6 8 18 0 1 12 34 2 0 0 1 70 5 14 1 0 0 4 0 7 0 2 11 346 1 4 19 4 0 0 2 0 0 5 2 0 0 4 0 54 0 4 2 5 0 1 0 20 1 32 63 18 1 41 6 10 44 0 0 80 1 24 0 0 10 1 0 0 4 73 0 0 0 0 0 7 2 3 4 3 1 19 6 9 318 2 3 1 2 27 42 2 0 31 3 1 3 15 0
0 2 14 0 4 23 34 1 0 8 2 3 19 23 0 1 11 51 9 0 0 2 61 2 19 6 1 1 33 0 0 2 0 6 320 0 1 11 2 0 0 2 0 0 0 8 0 2 4 1 57 0 0 2 8 1 0 0 16 0 42 77 17 1 36 14 16 40 10 0 69 1 27 0 0 16 1 0 1 5 82 0 0 0 0 7 18 2 0 1 6 6 11 5 2 253 1 10 0 1 8 13 12 0 41 8 4 8 37 0
0 1 10 1 4 20 28 0 0 4 8 3 20 21 0 1 9 49 6 0 0 4 35 0 23 8 0 0 40 2 0 1 2 10 344 0 1 20 3 0 0 1 1 0 3 5 0 0 0 0 76 2 1 0 7 0 1 1 13 1 32 73 18 1 35 8 0 42 8 0 78 0 10 0 0 19 0 1 2 2 96 0 0 0 0 8 5 3 3 1 7 2 19 5 5 237 1 5 0 1 10 26 7 0 50 8 7 1 38 0
0 1 7 2 3 13 16 0 0 3 0 3 13 27 0 1 14 51 2 0 0 1 59 6 9 1 0 0 16 0 2 5 3 3 291 0 1 19 7 0 0 3 0 0 1 8 0 5 0 0 60 0 0 0 9 4 0 0 13 0 62 60 17 1 39 2 24 43 2 0 70 0 17 0 0 9 1 1 1 3 76 0 0 0 0 5 5 3 2 4 7 2 22 5 3 262 0 11 0 2 15 31 3 0 60 7 6 2 44 0
0 1 12 2 1 16 11 0 0 10 3 6 20 27 0 3 10 52 4 0 0 3 45 4 10 0 0 0 9 0 12 0 5 9 274 2 2 23 5 0 0 2 0 0 0 9 0 1 0 0 62 4 0 2 12 2 0 0 24 1 61 78 17 1 62 4 0 24 5 0 94 0 14 0 0 10 0 1 1 2 87 0 0 0 0 6 17 7 7 1 8 5 15 7 4 289 21 6 2 3 14 30 12 0 44 11 2 4 23 0
0 1 5 5 5 24 4 0 0 20 15 11 46 36 0 4 12 85 1 0 1 0 46 0 22 5 2 0 19 0 1 0 0 9 249 0 1 17 22 0 0 0 0 1 7 5 0 1 1 1 47 1 1 1 4 0 0 1 7 0 53 100 17 1 29 4 2 38 15 1 90 0 5 0 0 30 3 2 0 1 67 0 0 0 0 17 11 6 5 0 7 1 10 6 2 284 0 16 0 1 7 24 22 0 28 5 4 12 29 0
0 2 18 1 1 24 24 0 0 13 11 25 58 32 0 2 12 98 7 0 1 3 21 5 23 3 0 1 10 0 0 1 5 5 248 4 1 18 8 1 0 0 0 0 2 8 0 0 2 0 68 0 0 3 7 2 1 1 8 1 65 83 16 1 40 2 0 36 5 0 101 0 1 0 0 23 0 3 0 0 96 0 0 0 0 13 16 1 5 1 9 1 14 2 3 232 0 5 2 2 5 25 12 0 50 13 2 7 29 0
0 0 9 0 4 24 18 0 0 6 4 5 16 21 0 5 4 38 0 0 0 0 52 5 13 3 3 1 29 0 1 7 1 11 357 2 1 20 5 0 0 0 0 0 0 5 0 0 1 0 54 3 1 0 5 0 0 4 10 0 43 61 18 1 40 12 10 40 3 0 84 3 24 0 0 16 0 1 0 3 72 0 0 0 0 6 8 2 2 2 8 3 19 0 1 246 2 6 2 0 8 15 5 0 51 6 3 10 35 0
0 1 18 0 3 9 4 0 0 8 9 12 32 30 0 9 10 78 12 0 1 5 57 0 23 3 0 0 5 0 1 0 1 2 265 0 1 10 4 0 0 0 1 2 2 7 0 0 0 0 41 1 0 0 7 0 2 0 3 1 29 104 18 1 31 2 0 42 10 1 85 1 4 0 0 23 1 3 0 2 67 0 0 0 0 9 4 3 20 3 9 2 18 1 0 305 3 6 4 0 4 18 25 0 69 5 0 3 51 0
0 1 24 1 8 22 27 0 0 2 3 3 10 16 0 1 8 30 0 0 0 0 53 4 13 2 2 1 22 0 2 0 2 7 325 2 10 9 4 0 0 3 0 0 0 8 0 4 0 1 62 0 0 0 6 0 0 0 9 1 36 55 18 1 44 10 8 36 1 1 84 2 7 0 0 10 0 0 0 3 91 0 0 0 0 1 3 3 6 1 3 8 13 4 7 264 4 8 2 1 9 16 4 0 59 6 2 1 31 0
0 3 17 1 5 24 27 1 0 1 0 10 12 8 0 0 5 24 0 0 0 0 50 1 13 3 0 0 14 0 2 2 1 8 331 0 7 14 3 1 0 0 1 0 1 6 0 0 0 0 62 0 0 0 2 1 0 1 9 0 41 58 19 1 37 4 6 49 0 0 65 0 21 0 0 9 2 0 1 2 89 0 0 0 0 0 2 3 1 6 12 0 26 10 2 263 1 5 0 2 11 16 4 0 64 6 3 6 42 0
0 6 8 1 1 13 16 0 0 15 3 12 41 17 0 2 7 70 8 0 3 2 34 3 7 0 0 0 20 0 1 0 0 34 293 2 1 22 8 0 0 0 0 0 2 7 0 1 0 0 54 1 2 0 12 0 0 0 6 1 49 84 17 1 29 6 6 45 10 0 73 0 7 0 0 27 0 3 0 2 77 0 0 0 0 12 14 6 7 3 11 2 19 3 3 287 0 7 3 0 12 25 8 0 28 8 2 1 17 0
0 7 11 0 10 22 22 0 0 5 0 18 27 29 1 6 7 69 3 0 0 2 39 4 27 4 3 0 12 0 1 4 1 7 269 2 7 18 5 0 0 1 1 0 2 12 0 1 0 0 59 0 2 0 14 2 0 4 12 0 50 67 17 1 34 6 4 47 2 0 83 0 10 0 0 7 0 0 1 1 81 0 0 0 0 2 2 2 5 0 14 2 14 6 0 265 4 9 0 0 17 26 5 0 63 7 3 6 35 0
0 1 22 0 6 19 25 1 0 20 6 7 35 27 0 2 10 74 9 0 0 6 32 0 6 2 1 1 21 17 6 1 1 2 298 4 0 15 11 0 0 0 0 0 2 14 0 1 2 0 74 1 1 1 2 7 1 1 12 2 46 76 16 1 49 0 2 33 4 0 96 0 8 0 0 10 1 2 1 2 107 0 0 0 0 10 9 0 2 0 4 1 7 5 1 247 11 7 1 2 16 29 2 0 31 8 4 1 20 0
0 4 11 1 2 27 12 0 0 12 1 16 29 34 0 1 14 65 1 0 0 0 59 0 9 1 0 2 16 3 1 1 0 8 293 1 3 22 7 0 0 3 1 0 0 7 0 2 0 1 93 3 0 0 4 2 0 0 33 0 42 66 20 1 42 8 0 39 3 0 81 0 8 0 0 18 2 0 0 1 115 0 0 0 0 4 9 0 3 0 3 0 2 5 0 233 2 13 1 2 8 20 4 0 63 9 1 8 44 0
0 4 22 2 2 28 19 0 0 1 0 27 32 15 1 0 5 56 1 0 0 0 30 2 29 2 1 10 26 0 1 4 1 12 322 1 0 14 2 0 0 0 0 0 3 9 0 1 0 0 66 0 2 0 3 1 0 2 18 0 42 72 17 1 34 8 26 52 0 0 78 2 19 0 0 6 2 0 1 4 104 0 0 0 0 0 3 0 5 4 8 1 24 9 1 228 2 7 0 1 18 36 3 0 52 7 4 5 32 0
0 2 18 0 0 18 6 0 0 4 11 11 30 34 0 4 8 75 6 0 0 2 46 5 10 1 0 0 25 0 0 0 0 8 318 2 1 25 10 0 0 1 0 0 5 6 0 1 0 1 51 2 0 0 5 0 0 0 6 0 59 74 20 1 38 4 6 35 8 0 96 0 3 0 0 23 0 2 1 0 76 0 0 0 0 16 12 4 6 0 15 3 6 0 1 255 2 2 1 1 7 26 14 0 32 10 3 4 20 0
0 3 20 0 5 13 24 1 0 18 5 12 42 26 0 5 10 74 5 0 0 2 31 3 10 0 6 0 23 0 6 7 1 0 278 1 0 13 6 0 0 0 1 0 0 5 0 1 0 0 74 1 0 0 3 0 1 0 5 1 41 72 17 1 39 4 16 38 2 1 84 1 15 0 0 14 3 5 0 3 109 0 0 0 0 5 4 1 8 1 11 2 22 3 0 218 1 6 3 0 14 25 8 0 59 7 3 4 35 0
0 0 17 2 4 20 9 1 0 27 2 10 46 35 2 1 14 90 4 1 0 2 52 3 12 2 0 1 16 2 0 0 0 3 249 1 0 22 9 0 0 2 0 3 2 4 0 0 0 0 63 1 0 0 11 0 2 0 8 0 42 83 17 1 58 4 0 27 3 0 104 2 8 0 0 7 2 4 0 1 90 0 0 0 0 15 17 4 5 1 18 5 11 2 2 293 1 6 1 0 6 33 14 0 60 10 10 3 33 0
0 0 18 1 9 15 21 0 0 0 0 6 6 21 0 0 14 31 1 0 0 1 73 2 14 4 0 1 27 7 1 1 0 11 314 0 1 2 4 0 0 3 0 0 0 5 0 0 0 0 46 0 1 0 13 0 0 0 9 0 55 58 18 1 43 0 10 40 1 0 113 1 9 0 0 9 0 0 1 3 70 0 0 0 0 2 6 2 0 4 2 7 20 3 2 287 5 11 3 0 14 32 7 0 40 3 1 3 31 0
0 1 17 2 3 21 16 3 0 8 5 2 20 37 0 5 15 69 8 0 0 2 18 0 5 0 5 0 10 0 0 0 0 8 281 1 2 24 14 0 0 1 0 0 3 8 0 0 3 0 59 0 1 1 1 1 1 4 4 1 37 105 18 1 30 0 6 41 14 0 89 0 7 0 0 31 1 1 0 1 84 0 0 0 0 20 21 2 6 0 14 4 14 6 0 251 1 4 0 1 2 17 12 0 56 13 4 6 34 0
0 1 18 0 11 34 27 0 0 8 0 4 14 9 0 1 3 28 1 0 0 1 70 5 10 2 0 0 36 3 3 4 2 8 317 0 0 17 6 0 0 2 0 0 1 13 0 0 0 0 58 0 1 0 9 5 0 0 20 0 63 73 19 1 45 2 2 41 0 0 91 2 10 0 0 9 2 0 0 1 81 0 0 0 0 2 2 7 4 2 4 3 14 1 7 284 3 8 1 0 14 30 8 0 48 2 4 7 31 0
0 3 6 0 12 27 10 0 0 9 9 6 27 35 0 6 17 83 15 0 0 3 10 5 8 6 0 1 7 0 0 0 1 6 256 0 3 18 7 2 0 0 0 0 1 4 0 1 2 2 68 0 0 2 6 0 1 2 2 0 57 102 17 1 26 4 0 44 16 0 83 0 7 0 0 32 0 2 2 3 88 0 0 0 0 22 9 0 9 1 17 1 12 1 3 246 1 14 0 0 7 13 21 2 29 3 3 4 32 0
0 4 19 1 10 20 39 0 0 13 3 12 32 39 0 1 17 84 3 0 0 1 17 2 22 6 0 2 13 0 1 3 1 13 301 5 1 24 10 0 0 1 0 0 1 9 0 0 0 0 70 1 0 0 1 0 0 2 3 0 26 83 18 1 36 4 4 46 2 0 93 0 8 0 0 21 2 0 1 1 99 0 0 0 0 6 3 3 2 0 15 1 19 5 2 243 3 4 0 0 10 25 4 0 42 1 5 5 40 0
0 4 10 1 12 21 18 1 0 1 0 11 15 25 0 5 4 41 0 0 0 0 61 7 20 0 0 0 26 0 0 0 7 13 304 0 8 4 5 0 0 2 0 0 0 9 0 3 0 0 59 1 4 0 6 0 0 0 9 0 37 59 20 1 40 2 4 45 0 0 62 0 14 0 0 7 4 0 2 5 90 0 0 0 0 1 2 1 1 1 11 7 26 1 0 297 2 9 0 0 8 15 5 0 58 6 3 10 37 0
0 0 16 0 3 15 17 0 0 2 6 10 18 30 0 2 8 53 3 0 0 1 36 1 10 2 0 0 18 0 2 0 3 7 318 2 5 16 3 0 0 1 0 0 0 3 0 1 0 0 60 0 0 0 6 0 1 1 6 0 49 87 18 1 38 12 2 40 4 0 85 2 9 0 0 13 2 0 0 0 78 0 0 0 0 12 19 3 5 4 9 3 15 1 2 270 5 3 3 0 7 23 22 0 31 7 5 3 22 0
0 4 19 0 13 26 24 0 0 16 3 9 28 19 0 5 5 52 2 0 0 1 30 2 10 3 0 0 16 0 0 2 2 8 255 5 15 17 8 0 0 3 0 0 0 10 0 1 0 2 62 1 0 0 6 0 1 0 8 1 35 59 18 1 38 4 0 41 3 0 89 0 6 0 0 13 6 2 0 3 98 0 0 0 0 12 3 2 2 0 6 4 28 1 3 240 0 4 0 0 16 23 5 0 78 6 2 6 52 2
0 0 8 0 0 22 19 0 0 12 1 6 24 26 0 1 7 57 3 0 0 0 71 2 9 0 1 0 4 0 6 1 4 3 295 1 0 17 4 0 0 1 0 0 3 5 0 0 0 0 59 3 1 0 7 0 0 0 15 1 51 73 19 1 51 4 10 35 0 0 85 0 12 0 0 13 1 0 1 4 77 0 0 0 0 1 15 6 8 2 6 4 17 3 0 288 14 5 3 0 17 42 10 0 31 9 0 3 28 0
0 0 6 0 2 24 19 0 0 22 0 6 29 29 0 1 11 66 2 0 0 1 89 7 11 1 0 0 16 0 3 0 0 3 278 1 2 13 7 1 0 0 0 0 1 11 0 0 1 1 71 1 0 0 13 3 0 1 32 0 41 68 18 1 63 2 2 29 0 0 91 0 16 0 0 10 6 0 0 3 88 0 0 0 0 1 12 10 5 2 7 4 11 3 1 315 7 9 5 2 14 29 4 0 31 9 3 2 12 0
0 0 14 2 11 31 17 0 0 14 5 23 42 47 0 6 16 100 10 0 0 5 33 0 22 2 0 0 15 0 0 0 0 10 298 8 11 32 3 0 0 4 1 0 0 4 0 3 0 4 71 3 1 0 3 1 0 0 11 0 35 75 20 1 30 4 4 44 11 0 76 0 6 0 0 25 0 1 0 0 92 0 0 0 0 9 9 3 4 0 5 4 7 2 1 232 5 3 4 0 6 19 10 0 33 12 2 3 25 0
0 1 7 0 5 25 6 0 0 19 1 19 41 28 0 0 8 76 3 0 0 2 44 6 11 5 0 4 21 8 2 0 3 2 290 1 3 28 12 0 0 7 1 0 3 5 0 1 0 0 91 1 1 0 2 2 0 0 4 0 31 80 18 1 56 20 2 28 4 0 95 0 11 0 0 11 3 1 3 1 109 0 0 0 0 2 15 8 5 3 10 0 27 6 1 268 4 2 0 3 9 35 12 0 49 9 0 4 20 0
0 1 12 1 3 16 18 0 0 32 1 1 34 12 0 3 7 50 1 0 0 0 60 14 11 3 0 0 34 2 2 0 1 4 304 1 0 30 4 0 1 0 2 0 0 5 0 3 0 0 89 0 0 0 7 0 0 0 5 0 61 67 18 1 45 0 2 32 2 0 89 0 21 0 0 15 1 1 1 1 108 0 0 0 0 2 8 6 3 3 3 2 4 3 0 245 5 4 0 0 20 38 5 0 65 13 3 5 31 0
0 1 8 4 12 26 28 0 0 7 8 3 19 39 0 3 16 69 3 0 0 2 34 0 24 4 0 0 23 0 1 0 0 4 278 3 0 23 14 0 4 2 0 0 3 3 0 0 0 1 52 1 0 0 7 1 0 0 8 0 31 82 20 1 39 6 0 37 6 0 101 0 4 0 0 28 0 0 1 0 71 0 0 0 0 8 16 1 0 0 10 0 34 1 0 254 1 7 0 1 8 24 10 0 59 14 8 4 26 0
0 1 18 0 8 16 25 4 0 24 0 4 33 27 0 4 9 63 2 0 0 2 47 1 12 0 0 5 46 26 1 0 0 3 307 2 0 10 5 0 0 0 0 0 0 12 0 2 0 0 88 1 0 1 12 4 1 0 14 0 57 48 19 1 55 2 10 34 0 0 89 0 15 0 0 9 1 0 0 0 112 0 0 0 0 0 6 8 1 6 10 2 13 3 0 239 3 12 0 1 12 24 1 0 49 4 5 8 46 0
0 0 18 3 3 31 12 0 0 34 5 21 63 41 1 0 17 111 3 0 0 0 35 6 6 1 0 0 13 0 2 7 3 1 273 1 1 18 8 0 0 1 0 0 0 9 0 1 0 1 65 0 0 0 1 0 0 0 3 0 60 57 18 1 42 8 10 37 3 0 83 1 21 0 0 24 2 0 1 2 91 0 0 0 0 7 5 6 3 1 17 1 20 3 2 261 1 8 1 0 9 18 8 0 49 8 4 4 29 0
0 1 15 1 6 22 21 0 0 10 3 7 23 23 0 3 12 53 3 0 1 0 42 1 19 7 0 0 14 1 7 5 0 3 300 3 0 15 4 0 0 1 0 0 2 9 0 2 0 1 79 0 1 2 5 1 1 1 10 0 43 61 16 1 38 14 36 43 0 2 83 0 0 0 0 17 5 1 2 1 108 0 0 0 0 10 12 1 6 0 6 2 18 3 1 238 5 4 2 2 10 25 7 1 45 5 6 6 27 0
0 0 16 1 9 19 15 0 0 10 5 3 18 36 0 1 21 66 4 0 1 2 37 0 16 2 0 1 17 0 3 2 2 9 307 0 0 28 9 0 1 0 0 0 0 7 0 0 0 0 80 0 0 1 0 0 2 1 17 2 33 42 17 1 40 4 10 35 6 0 75 0 23 0 0 27 4 1 2 4 110 0 0 0 0 6 6 2 2 0 17 1 11 4 1 240 0 2 0 5 8 15 2 0 60 13 4 2 38 0
0 2 13 0 7 17 27 0 0 13 3 24 44 26 0 2 17 77 5 0 1 3 46 0 18 11 0 0 30 10 5 0 2 4 255 4 2 14 7 0 1 0 0 0 1 9 0 0 1 0 66 0 0 0 10 2 0 2 17 0 41 91 18 1 58 0 0 27 3 0 113 0 6 0 0 13 1 2 0 1 86 0 0 0 0 10 15 3 7 3 9 1 12 4 2 277 0 5 0 0 16 49 12 0 48 8 8 2 36 0
0 2 4 1 4 17 7 0 0 17 4 6 39 35 0 1 19 89 11 0 0 6 57 15 5 2 0 0 30 0 0 0 8 8 297 5 1 19 9 0 1 1 0 0 0 8 0 1 0 2 57 0 0 0 5 0 0 0 8 2 61 67 19 1 42 10 4 35 7 0 80 0 21 0 0 25 2 1 0 4 72 0 0 0 0 7 10 14 9 0 25 2 14 5 0 302 6 17 6 1 5 14 5 0 45 9 6 1 21 0
0 4 16 2 6 25 10 0 0 23 5 18 50 30 0 4 17 85 0 0 0 0 19 1 22 0 4 0 4 2 0 0 0 29 205 5 2 26 14 1 0 3 0 0 0 7 0 2 2 2 91 1 0 2 5 0 0 1 13 0 63 113 18 1 50 0 0 28 4 0 106 0 2 0 2 13 5 3 1 0 126 0 0 0 0 16 24 4 1 0 15 0 15 5 1 256 1 7 0 5 9 38 8 1 39 18 2 4 26 1
0 1 22 0 2 25 13 0 0 18 21 51 98 34 0 1 15 150 7 0 0 4 13 1 35 13 8 2 6 3 0 0 1 3 203 4 3 34 8 0 1 0 0 0 1 13 0 1 0 0 62 1 1 1 1 0 1 1 5 1 22 82 16 1 40 2 2 29 9 0 108 7 1 0 6 23 3 0 0 1 93 0 0 0 0 22 8 12 10 0 21 0 30 1 2 266 4 14 0 0 8 31 19 0 61 16 5 8 43 0
0 5 10 3 5 17 15 0 0 13 3 31 50 21 1 0 14 74 3 0 0 3 13 4 19 3 1 2 13 0 1 3 3 12 252 3 3 29 5 1 0 0 0 0 0 2 0 3 0 0 75 1 1 1 0 5 0 2 3 0 43 68 15 1 35 16 46 36 5 3 109 0 14 0 2 9 1 2 0 1 101 0 0 0 0 16 5 3 5 0 8 0 30 6 3 237 2 7 1 3 11 18 10 0 49 15 0 13 23 2
0 2 16 3 3 17 9 1 0 48 14 5 68 47 2 3 16 130 11 0 3 0 8 2 27 0 9 0 2 1 0 0 0 7 188 2 0 25 14 0 0 0 0 0 0 9 0 1 0 1 43 0 0 1 1 0 0 1 3 0 41 115 17 1 23 2 6 52 9 0 127 2 0 0 2 20 0 1 0 1 67 0 0 0 0 35 9 0 5 1 28 0 14 2 1 245 0 8 0 1 4 19 12 2 56 17 1 12 35 0
0 3 15 5 4 26 25 2 0 21 4 12 44 18 0 0 7 72 6 0 1 0 15 2 40 0 13 0 15 0 1 0 1 4 239 0 1 19 17 0 0 0 0 0 0 11 0 0 2 0 76 1 0 1 5 0 1 0 5 0 51 99 19 1 38 0 0 33 9 1 95 0 3 0 4 32 0 2 0 0 103 0 0 0 0 17 11 6 1 1 14 0 26 5 0 251 2 14 8 2 5 25 11 0 61 17 8 7 29 0
0 2 11 5 8 18 14 0 0 36 3 29 69 23 0 1 7 106 7 0 0 2 13 4 36 0 11 0 10 0 0 0 1 6 178 2 3 29 14 0 0 1 1 0 3 7 0 1 2 0 50 0 0 2 0 0 0 2 8 0 48 129 19 1 37 2 0 31 10 0 98 0 3 0 0 30 4 3 0 0 77 0 0 0 0 34 21 8 2 0 17 0 18 2 0 256 1 7 2 5 8 42 20 1 39 8 2 14 30 0
0 4 13 1 5 22 14 0 0 39 14 38 94 40 0 0 15 143 5 0 0 1 15 0 28 3 9 0 2 0 0 1 0 6 198 5 0 35 12 0 1 0 1 0 2 12 0 1 0 0 63 1 0 0 2 1 0 2 3 0 30 102 19 1 30 2 0 41 8 1 114 0 2 0 0 22 0 3 1 1 89 0 0 0 0 17 21 5 5 0 12 0 9 4 0 249 0 8 1 0 2 25 13 0 62 15 14 6 46 0
0 3 6 4 5 14 14 0 0 43 15 23 85 37 1 4 19 131 5 0 0 1 21 2 46 0 30 0 8 0 0 0 0 15 215 0 3 33 12 0 1 1 0 0 3 6 0 1 3 0 57 0 0 1 1 1 1 0 6 0 32 105 17 1 40 8 0 30 8 0 102 3 14 0 2 31 7 3 0 1 83 0 0 0 0 30 11 4 5 0 19 1 17 1 1 278 0 15 0 3 5 25 17 0 35 13 1 3 12 0
0 3 13 0 1 26 22 1 0 43 10 7 72 38 0 0 18 132 9 0 0 3 21 4 22 1 6 0 4 1 1 0 3 5 196 3 2 28 8 1 0 0 1 0 0 12 0 0 1 1 74 0 1 0 7 2 2 1 3 0 69 112 17 1 43 20 0 31 7 0 105 0 8 0 2 15 3 3 0 0 98 0 0 0 0 18 9 10 2 0 11 1 12 10 4 232 4 18 1 0 6 22 18 0 49 15 3 8 40 0
0 1 9 3 7 17 19 0 0 38 11 19 73 36 0 1 19 123 9 0 1 5 11 3 49 1 19 0 7 0 0 0 1 6 230 0 4 43 16 0 1 1 0 0 1 2 0 0 1 0 78 0 0 2 1 0 1 3 10 0 55 94 17 1 27 2 0 42 16 0 76 4 2 0 0 38 4 3 0 0 101 0 0 0 0 21 20 10 6 0 10 0 14 2 0 233 2 21 0 5 5 20 20 0 34 9 4 6 20 0
0 6 8 2 1 20 33 1 0 27 12 21 64 52 0 11 27 129 13 0 0 4 2 0 57 4 15 18 8 6 0 1 2 20 229 2 1 35 5 0 0 3 0 1 0 5 0 2 0 0 39 0 0 0 2 7 0 0 4 0 35 95 17 1 27 0 2 36 19 0 107 0 5 0 0 32 0 7 0 0 62 0 0 0 0 25 3 8 9 1 37 0 17 3 7 259 3 9 1 2 3 19 11 1 54 13 1 6 37 0
0 0 23 3 7 13 7 0 0 34 20 32 90 34 0 4 15 135 9 0 1 4 5 1 50 1 13 31 28 5 1 5 0 1 235 4 0 29 11 0 0 0 0 0 2 7 0 1 1 0 63 0 0 1 3 0 0 0 4 0 59 120 19 1 39 0 2 25 16 0 104 0 3 0 2 25 1 1 0 0 93 0 0 0 0 20 9 10 11 0 13 0 25 2 13 252 1 25 3 3 5 30 31 0 56 20 0 3 30 0
0 3 6 0 5 19 11 1 0 43 19 30 101 31 0 0 23 151 8 0 1 5 21 2 38 1 8 1 8 1 0 0 0 5 198 2 0 24 16 1 0 0 0 0 0 7 0 1 1 0 65 2 0 0 2 0 2 2 7 1 39 87 16 1 34 8 0 33 12 1 107 1 3 0 4 23 4 3 0 0 84 0 0 0 0 26 22 11 4 1 6 0 18 8 6 257 2 15 0 3 6 27 20 1 41 17 2 3 26 0
0 7 15 2 7 36 19 0 0 24 15 26 73 43 0 1 14 124 4 0 0 3 12 2 24 3 10 0 18 1 0 2 0 5 204 7 0 20 10 1 0 2 0 0 0 4 0 0 0 0 69 0 0 0 1 0 0 2 2 1 45 86 18 1 36 0 0 34 8 0 89 1 5 0 4 22 4 4 1 0 103 0 0 0 0 18 12 2 4 1 18 0 10 0 0 221 1 7 0 1 9 23 16 3 67 12 0 9 32 0
0 2 6 9 5 24 19 0 0 38 16 36 94 30 0 2 14 136 9 0 0 5 5 1 39 20 13 6 16 8 0 3 0 21 206 7 0 23 7 0 0 0 0 0 0 7 0 0 0 0 43 0 0 1 4 0 0 1 1 0 25 109 19 1 30 0 0 30 16 1 90 0 3 0 0 33 3 0 0 0 64 0 0 0 0 44 19 7 9 0 19 0 20 1 0 249 2 15 1 0 2 16 18 0 41 5 4 12 33 0
0 0 10 6 4 21 24 0 0 44 30 14 94 39 0 3 19 150 9 0 0 4 18 1 37 0 18 0 1 0 0 0 1 1 130 1 2 26 29 0 0 1 0 0 0 11 0 0 1 0 64 0 0 1 1 0 0 1 2 0 46 117 19 1 29 0 2 29 23 0 88 0 5 0 0 34 1 1 0 0 83 0 0 0 0 19 28 19 7 0 19 0 26 1 0 298 0 28 1 2 2 22 28 0 46 19 9 4 21 0
0 2 14 2 7 14 18 0 0 38 19 24 87 45 0 2 14 141 7 0 0 3 5 0 53 9 33 0 9 1 0 0 0 15 189 1 3 32 7 0 0 0 0 0 2 5 0 0 0 1 44 0 1 0 4 2 0 2 6 0 39 96 17 1 19 8 0 62 8 1 123 0 0 0 6 32 1 0 0 0 64 0 0 0 0 53 11 4 2 0 12 0 12 3 9 222 0 18 0 3 4 23 27 6 36 14 1 3 17 0
0 8 20 3 6 14 20 0 0 51 24 6 90 44 1 2 30 161 24 0 1 8 6 0 30 2 11 1 17 0 0 0 0 5 150 2 0 35 14 1 0 0 0 0 1 4 0 0 0 0 45 0 0 1 2 1 2 0 3 0 46 109 16 1 36 6 0 28 11 1 110 2 1 0 2 28 1 4 0 0 84 0 0 0 0 33 19 5 9 1 37 0 23 6 1 307 2 17 0 1 2 12 25 0 42 10 9 10 32 3
0 5 10 3 4 18 17 0 0 57 13 13 87 43 0 1 25 140 6 0 0 4 9 0 58 1 18 0 3 0 0 1 3 15 204 3 0 21 10 0 0 0 0 0 2 2 0 0 2 2 41 0 1 2 2 4 1 1 12 0 33 102 16 1 27 0 2 39 10 5 101 1 1 0 2 38 2 3 0 0 67 0 0 0 0 36 7 6 5 0 17 0 30 4 0 235 1 10 0 4 3 28 25 5 36 11 4 4 27 4
0 4 8 3 7 15 19 0 0 35 27 12 79 38 0 2 18 136 13 0 0 1 9 0 43 2 14 0 6 0 0 0 0 6 187 2 0 25 19 0 0 0 0 0 0 11 0 0 3 0 45 1 1 2 6 0 4 0 7 0 56 115 19 1 34 4 0 28 15 2 100 0 3 0 0 36 3 3 0 0 71 0 0 0 0 31 10 6 5 0 17 0 18 5 0 261 0 14 0 3 6 16 15 2 50 5 4 17 41 0
0 4 8 5 3 8 33 0 0 19 18 13 58 36 0 1 8 103 8 0 0 2 27 1 61 4 22 0 6 0 1 1 2 15 254 0 0 35 16 1 1 1 0 0 0 11 0 0 1 0 57 1 0 1 6 0 1 1 2 0 40 102 15 1 28 2 21 32 24 1 91 2 4 0 2 47 2 1 0 0 81 0 0 0 0 28 11 5 4 1 4 1 13 2 0 233 2 11 2 0 2 15 17 0 42 12 2 11 17 0
0 6 19 3 7 26 22 4 0 28 10 11 53 27 0 0 14 90 8 0 0 2 19 2 39 0 14 0 14 0 0 2 0 5 241 1 0 28 6 0 0 1 0 0 4 8 0 1 2 1 76 0 2 1 3 2 1 1 6 0 50 94 17 1 36 6 0 34 10 1 97 0 7 0 2 28 1 3 1 0 112 0 0 0 0 14 5 4 8 1 13 1 20 4 0 244 2 9 0 2 4 29 16 0 52 11 8 3 34 0
0 2 11 7 6 21 28 0 0 18 18 4 42 27 0 0 14 93 19 0 0 5 14 0 64 0 28 0 11 0 0 2 1 7 213 1 3 23 12 0 0 1 0 1 1 10 0 0 2 2 45 0 2 2 3 2 0 0 11 0 26 91 18 1 20 0 0 51 25 1 72 0 2 0 0 61 0 1 0 1 72 0 0 0 0 45 15 10 7 0 17 1 24 0 1 275 2 16 0 0 3 21 18 1 47 5 2 7 22 0
0 3 14 5 2 15 4 0 0 43 15 23 85 45 1 8 19 145 11 1 0 1 5 1 48 3 17 0 2 0 0 1 0 8 195 2 1 23 10 0 0 0 0 0 0 6 0 0 0 0 57 0 0 0 0 0 2 0 11 1 37 101 17 1 22 6 8 52 11 0 110 0 0 0 6 31 0 2 1 0 83 0 0 0 0 25 7 4 9 0 16 0 13 1 0 226 1 13 1 3 3 19 11 0 48 14 2 5 34 2
0 3 7 1 2 12 24 10 0 59 21 11 97 31 1 1 14 149 18 0 0 7 13 1 45 2 33 0 12 0 0 2 0 12 187 3 5 27 14 0 0 0 0 0 0 4 0 2 0 0 46 0 0 1 7 1 1 1 2 1 56 102 16 1 22 2 0 37 25 3 75 0 0 0 0 43 0 3 0 0 61 0 0 0 0 35 11 14 1 0 13 0 34 2 2 257 2 24 0 1 3 22 16 7 46 12 3 8 25 1
0 7 10 5 4 24 18 0 0 30 14 6 57 45 6 2 24 119 10 0 0 3 5 0 20 0 7 0 6 0 0 0 1 7 182 5 0 21 13 0 0 0 0 0 0 4 0 1 1 2 40 1 2 0 4 0 1 0 2 0 51 101 17 1 29 6 2 33 13 3 108 0 1 0 2 15 1 6 1 0 73 0 0 0 0 41 11 2 9 1 19 0 22 0 2 267 0 8 4 4 5 18 16 1 53 13 1 11 39 1
0 2 8 4 7 18 25 0 0 29 9 6 49 48 1 1 25 111 10 0 0 7 12 0 39 1 13 1 6 0 0 0 0 5 186 3 1 28 9 0 0 0 1 0 3 3 0 1 1 0 52 0 0 0 4 1 1 1 7 0 37 132 17 1 34 2 0 33 10 0 117 0 0 0 6 30 1 3 0 0 70 0 0 0 0 41 9 7 3 0 13 0 25 6 3 241 3 10 0 0 1 18 26 1 48 16 5 16 33 1
0 3 21 10 8 17 25 0 0 26 6 29 67 24 0 0 13 96 4 0 0 1 16 2 66 9 4 0 19 3 2 4 1 5 272 4 1 16 6 0 0 0 0 0 1 6 0 0 0 0 59 0 0 0 0 0 0 0 12 0 31 91 18 1 38 8 0 40 3 0 90 0 7 0 14 11 5 0 1 3 102 0 0 0 0 9 10 4 6 0 12 0 25 5 1 231 2 11 0 2 17 24 17 0 39 4 4 11 25 0
0 2 25 6 6 15 17 0 0 27 5 12 55 43 0 1 20 113 8 0 0 1 13 1 40 6 4 0 2 0 0 0 0 23 187 0 0 17 7 0 0 0 0 0 0 11 0 1 0 0 70 2 0 0 5 3 0 0 6 0 46 121 20 1 34 8 2 40 6 0 90 0 0 0 2 24 3 1 0 0 109 0 0 0 0 26 13 2 8 0 16 1 15 3 0 251 1 16 1 1 0 23 13 0 62 18 3 6 31 0
0 1 15 3 2 20 18 1 0 46 18 5 71 43 0 1 18 126 7 0 0 2 9 1 47 1 17 1 1 0 0 7 1 9 210 2 0 24 9 1 0 0 0 0 2 9 0 0 3 1 43 1 0 2 4 0 3 0 2 0 39 135 17 1 34 16 0 39 7 0 88 0 5 0 2 35 5 4 0 0 75 0 0 0 0 34 15 15 4 0 12 0 18 4 0 243 0 22 0 1 2 20 25 1 45 9 4 9 39 0
0 5 19 1 2 30 11 1 0 50 4 9 72 58 0 4 34 146 12 0 3 0 14 0 10 0 0 0 5 2 0 1 0 4 127 1 0 21 9 0 0 2 0 0 0 7 0 0 2 6 59 2 1 2 2 0 0 0 10 0 34 135 20 1 28 0 0 50 1 0 127 0 0 0 0 9 0 8 0 2 99 0 0 0 0 23 9 6 7 2 16 0 34 0 2 257 0 16 0 2 0 36 15 0 57 21 5 13 37 0
0 3 15 2 5 28 14 0 0 14 11 24 55 27 0 2 19 95 7 0 1 0 25 3 26 1 7 6 3 0 0 0 2 3 202 2 6 26 8 1 0 1 0 0 2 5 0 1 4 1 91 2 0 2 1 0 2 0 5 1 45 80 17 1 46 2 6 30 5 0 93 0 1 0 2 19 6 1 1 0 124 0 0 0 0 13 7 4 9 0 11 0 21 6 2 260 3 4 1 3 10 25 10 0 59 17 6 9 43 0
0 5 30 0 13 35 16 0 0 2 1 21 31 23 1 1 11 61 4 0 0 2 35 2 40 1 7 2 4 2 2 0 0 9 231 2 4 19 5 0 0 2 1 0 5 15 0 0 0 0 76 2 2 1 4 0 1 0 5 0 45 93 18 1 33 0 8 45 1 0 93 0 0 0 2 6 0 0 0 0 116 0 0 0 0 9 3 4 10 0 20 2 26 6 1 265 0 8 2 0 14 38 13 0 56 10 10 10 35 0
0 2 11 3 7 20 25 1 0 57 19 12 100 35 0 2 12 151 12 0 0 7 5 5 59 2 20 0 3 0 0 0 0 11 185 4 0 36 12 0 0 0 0 0 1 4 0 0 0 0 57 1 0 0 2 0 0 0 6 1 45 108 17 1 22 6 2 49 14 4 88 0 2 0 0 44 2 2 1 0 79 0 0 0 0 31 7 10 1 0 6 0 14 1 0 201 2 14 1 1 2 21 22 1 59 11 3 11 44 1
0 4 15 0 4 25 3 0 0 59 17 22 107 55 0 0 26 174 9 0 1 6 6 0 30 0 14 0 4 0 0 0 0 1 157 3 0 20 6 0 1 1 0 0 1 7 0 1 3 5 37 0 0 1 3 0 1 0 7 0 24 113 20 1 24 0 11 37 22 0 87 0 0 0 0 33 1 1 0 0 60 0 0 0 0 28 18 9 10 2 16 0 11 0 0 243 0 25 0 3 0 31 11 1 50 8 15 5 33 0
0 4 14 0 7 21 16 0 0 31 7 19 64 34 0 0 15 108 7 0 0 1 31 0 25 1 7 0 10 2 0 0 1 6 201 5 0 26 10 0 1 0 0 0 0 7 0 1 2 2 89 1 0 1 2 0 0 0 5 1 36 88 17 1 37 4 6 37 4 0 100 0 3 0 2 18 3 0 0 2 115 0 0 0 0 18 8 8 12 0 19 1 6 3 1 262 6 12 0 0 5 25 11 1 49 11 10 4 29 1
0 0 11 3 4 16 19 0 0 17 16 7 47 28 1 4 10 94 15 0 0 5 9 2 37 5 8 0 4 0 0 2 1 6 204 0 1 25 13 0 0 1 0 0 2 6 0 0 0 1 70 2 1 0 4 0 0 1 3 1 55 107 16 1 42 16 0 31 7 0 116 1 7 0 4 21 2 2 0 2 93 0 0 0 0 19 18 8 3 0 12 0 16 4 4 229 0 14 0 4 1 21 11 1 58 8 7 9 44 0
0 2 4 2 2 14 28 0 0 32 26 21 83 18 0 1 9 116 12 0 1 1 8 0 65 0 21 0 13 4 0 1 2 4 236 3 0 38 17 0 0 1 0 0 3 4 0 0 2 1 46 2 1 1 6 0 2 2 6 0 30 108 16 1 21 0 0 51 18 1 102 1 3 0 6 47 2 3 0 0 63 0 0 0 0 25 15 6 4 0 9 0 28 1 0 236 0 5 1 3 7 20 13 0 36 15 0 10 21 1
0 3 13 1 6 21 20 0 0 47 5 22 80 43 0 3 21 131 3 0 0 1 21 5 25 1 9 0 12 2 0 1 0 5 193 1 3 28 15 0 0 1 0 1 0 2 0 0 0 0 79 0 0 1 3 0 1 1 5 0 40 96 18 1 37 6 0 37 6 0 95 0 5 0 2 21 2 3 0 1 103 0 0 0 0 19 12 6 5 1 10 0 20 1 0 251 1 11 1 2 9 29 16 0 62 13 4 15 41 0
0 8 7 7 4 22 20 2 0 27 14 12 58 50 0 8 29 121 11 0 0 6 6 1 23 1 11 0 8 4 0 0 2 16 230 0 0 21 13 0 0 0 1 0 1 4 0 1 0 2 48 1 0 0 4 18 1 1 3 0 68 100 17 1 31 0 4 32 15 0 111 0 2 0 2 19 1 2 0 0 74 0 0 0 0 24 8 5 5 2 11 0 14 5 1 231 2 8 0 0 3 16 27 0 51 11 2 7 41 0
