0 2 9 9 2 17 4 1 0 20 36 5 63 37 1 4 15 112 12 0 0 3 8 4 42 6 24 2 23 3 0 4 0 4 229 3 0 20 8 0 0 0 0 0 0 1 0 0 0 1 17 0 0 1 1 0 0 1 9 1 34 67 15 1 65 76 0 0 16 5 85 0 7 0 67 54 6 1 0 3 48 0 0 0 0 68 4 4 6 0 13 0 11 1 2 200 0 3 0 3 2 6 23 26 22 2 1 0 19 2
0 7 6 2 5 11 6 0 0 60 50 13 133 33 0 2 22 191 22 0 1 8 5 4 43 2 28 0 0 0 0 0 0 2 151 5 0 13 2 1 0 0 0 0 2 2 0 0 0 0 30 0 0 0 2 0 3 2 6 0 53 111 17 1 21 26 0 21 24 17 83 0 2 0 34 38 0 3 0 0 49 0 0 0 0 44 8 8 10 0 15 0 21 8 2 224 0 11 0 0 2 10 28 9 33 6 8 8 29 0
0 6 5 1 7 15 13 1 0 32 31 10 83 24 0 0 16 123 14 0 0 8 3 1 41 3 32 0 1 0 0 0 0 9 191 2 0 15 5 1 0 0 1 0 0 0 0 0 0 0 14 0 2 0 1 1 2 1 2 0 42 94 17 1 20 46 10 26 24 13 57 0 3 0 34 36 0 6 0 0 35 0 0 0 0 45 8 3 5 1 20 0 21 0 5 243 1 8 0 1 2 4 29 5 23 0 2 0 18 0
0 8 13 2 1 17 6 1 0 67 53 8 137 24 1 2 15 180 19 0 2 8 3 0 52 5 35 1 0 0 0 0 0 7 179 3 0 22 3 1 0 0 0 0 0 1 0 0 0 1 22 0 0 0 2 2 1 0 3 1 34 88 18 1 54 50 0 0 22 3 83 0 0 0 64 57 2 1 0 2 51 0 0 0 0 62 10 2 9 1 19 0 7 5 3 271 0 9 1 1 0 4 41 32 26 0 2 3 18 0
0 1 11 3 3 20 24 5 0 21 30 19 71 22 0 2 15 113 20 0 7 7 6 0 43 13 12 0 5 1 0 0 0 9 190 2 1 28 9 1 1 1 0 0 1 3 0 0 0 0 21 1 0 0 4 0 0 0 5 1 47 113 16 1 38 58 0 0 29 8 102 0 0 0 44 44 0 2 1 0 42 0 0 0 0 60 7 4 2 0 22 0 28 3 3 228 0 11 1 0 0 3 33 15 18 2 1 4 21 1
0 7 6 2 2 8 11 1 0 48 39 23 119 39 0 5 27 180 21 0 2 6 0 0 24 3 18 0 1 0 0 1 2 12 187 2 0 16 4 0 0 0 0 0 0 1 0 0 0 1 15 0 0 0 3 1 2 0 2 0 49 121 17 1 18 26 4 12 19 43 62 0 0 0 10 45 0 4 0 0 34 0 0 0 0 49 16 2 7 0 25 0 21 4 6 246 0 9 0 0 1 7 40 7 26 3 3 5 21 2
0 7 10 0 1 8 5 1 0 46 38 13 107 49 0 5 28 170 12 0 0 2 1 0 47 0 43 0 1 0 0 0 0 7 162 4 0 30 6 0 0 0 0 0 2 2 0 0 0 1 11 0 0 0 2 1 1 0 1 0 29 110 18 1 27 16 0 30 13 2 113 0 0 0 42 45 0 3 0 0 31 0 0 0 0 66 18 2 7 2 13 0 14 4 1 240 3 9 0 0 0 11 42 29 25 2 0 4 22 3
0 9 8 1 2 12 8 0 0 42 47 4 108 40 0 0 25 164 16 0 1 6 1 1 23 0 22 0 0 0 0 1 0 6 117 4 2 15 7 1 0 0 0 0 0 0 0 0 0 0 28 0 0 0 0 1 0 1 6 1 42 103 18 1 34 22 0 0 32 6 98 0 0 0 35 50 0 3 0 0 50 0 0 0 0 76 11 6 7 2 20 0 19 6 8 272 1 8 0 2 0 5 28 25 27 3 0 1 8 0
0 4 8 2 4 12 7 1 0 34 25 6 70 34 0 2 30 128 22 0 2 4 3 1 42 11 14 0 3 1 0 1 0 20 221 3 0 19 13 1 0 1 0 0 1 5 0 0 0 0 33 0 0 1 3 0 0 0 2 0 38 95 16 1 19 59 5 18 25 26 56 0 0 0 34 40 2 3 0 2 56 0 0 0 0 56 6 1 3 0 19 0 33 6 3 234 0 6 0 1 2 7 30 12 26 3 5 1 27 3
0 6 15 3 2 19 17 0 0 38 45 10 103 39 0 1 23 160 15 0 2 3 8 1 29 4 18 1 0 0 3 0 1 17 186 1 0 23 9 2 0 1 0 0 0 2 0 1 0 1 25 0 0 0 5 0 0 1 26 0 43 90 18 1 62 30 0 0 19 3 96 0 0 0 33 49 0 5 1 0 57 0 0 0 0 39 6 5 2 0 13 0 19 0 3 219 0 7 0 0 1 5 26 28 29 4 4 5 24 2
0 3 14 5 3 8 12 0 0 36 27 13 78 36 0 2 26 129 15 0 0 5 2 0 62 8 44 0 0 0 0 0 3 4 172 4 0 27 4 0 0 0 0 0 0 2 0 0 0 1 24 0 0 1 3 2 0 2 2 0 44 105 16 1 20 79 14 8 26 29 53 1 2 0 37 51 1 2 0 3 53 0 0 0 0 43 5 6 3 1 10 0 20 4 4 221 3 8 0 1 0 4 35 4 40 6 7 3 28 1
0 12 13 1 2 13 21 0 0 47 43 16 112 34 1 0 26 160 12 0 0 7 4 0 23 3 10 0 0 0 0 1 1 7 167 5 1 16 1 0 0 0 0 0 0 1 0 1 0 0 18 0 0 0 0 1 1 1 6 0 32 95 17 1 129 27 0 1 7 2 110 0 0 0 66 45 2 2 0 0 49 0 0 0 0 62 19 4 6 1 18 0 18 1 3 218 2 4 0 0 2 10 25 24 29 3 0 4 19 1
0 5 11 4 1 17 16 2 0 31 30 17 83 31 0 1 23 132 16 0 0 10 3 0 40 8 15 0 0 0 0 0 0 8 183 1 1 33 5 0 0 1 0 0 1 2 0 0 1 1 29 0 0 0 3 0 0 0 3 0 46 102 19 1 26 58 0 15 17 18 69 2 4 0 10 61 0 0 0 0 50 0 0 0 0 56 9 1 8 0 10 0 13 2 0 228 2 5 0 1 1 8 33 21 18 3 1 4 22 1
0 8 2 4 2 10 7 1 0 44 58 22 131 39 0 1 27 194 24 0 0 6 5 1 21 1 12 0 0 0 0 0 0 2 170 4 0 22 12 1 0 0 0 0 0 0 0 0 0 0 27 0 1 0 8 0 3 0 2 0 58 105 17 1 22 10 0 33 21 2 122 1 1 0 7 39 0 7 0 0 50 0 0 0 0 57 2 8 4 0 13 1 21 4 0 251 0 9 0 0 1 6 33 6 19 1 0 11 14 0
0 5 6 0 4 13 11 4 0 38 28 8 77 35 0 2 25 124 11 0 3 2 5 2 41 2 29 2 6 0 1 0 5 8 210 7 0 23 7 0 0 0 0 0 0 1 0 1 1 0 24 0 0 0 7 2 1 0 6 0 46 122 16 1 24 20 4 12 16 31 69 0 1 0 15 56 0 5 1 0 41 0 0 0 0 35 10 6 4 1 14 0 24 5 6 256 0 6 0 4 3 13 47 10 30 8 1 3 23 0
0 5 13 0 10 13 20 4 0 16 13 7 36 24 1 4 11 69 8 0 1 4 4 8 59 16 3 0 3 0 0 2 5 37 280 1 3 13 9 3 0 1 0 0 0 2 0 0 2 0 50 0 1 2 5 14 2 0 4 0 67 90 14 1 24 20 5 32 6 21 99 2 1 0 17 32 2 2 0 1 79 0 0 0 0 16 5 8 3 1 14 0 21 11 13 236 0 10 0 3 4 16 12 0 25 6 5 11 28 0
0 4 10 1 0 23 6 0 0 9 20 16 47 38 0 3 24 101 13 1 0 3 8 7 39 16 2 0 8 0 0 4 1 36 237 0 2 18 6 0 0 2 2 2 1 3 0 0 0 0 47 1 1 0 2 7 0 5 12 0 76 105 15 1 23 10 2 35 14 14 110 0 2 0 4 23 5 7 1 0 77 0 0 0 0 12 10 2 4 2 6 1 17 4 8 235 1 6 0 6 10 31 19 4 24 4 6 7 27 0
0 14 6 6 7 20 14 3 0 15 10 16 44 17 0 2 8 74 11 0 0 4 4 9 62 35 2 0 9 1 0 2 0 34 243 3 4 16 5 1 0 0 0 0 1 2 0 0 0 1 41 1 5 4 4 8 1 4 3 0 82 95 14 1 22 18 0 45 7 12 99 1 1 0 27 22 8 6 4 1 97 0 0 0 0 17 4 4 4 0 14 0 17 7 6 222 0 5 1 7 5 12 17 0 32 8 1 9 23 0
0 15 12 1 6 25 24 11 0 16 11 12 44 10 0 4 3 69 14 0 1 6 2 1 48 12 20 0 10 0 0 0 2 30 241 4 3 6 3 0 0 1 0 0 0 2 0 0 0 0 29 0 2 1 3 8 1 2 1 0 50 76 15 1 16 22 0 41 12 31 94 0 0 0 31 25 6 2 0 0 68 0 0 0 0 35 5 3 5 2 30 0 39 3 4 249 2 6 7 4 0 2 11 1 31 4 0 2 14 0
0 21 11 2 8 27 10 0 0 31 17 7 58 26 1 6 15 100 15 0 0 7 4 3 22 6 1 12 20 0 0 2 1 26 230 2 2 16 4 0 0 0 0 0 0 3 0 0 0 0 52 0 0 0 3 4 1 5 8 0 63 66 15 1 19 4 2 44 11 18 83 0 0 0 31 29 11 3 2 1 103 0 0 0 0 23 10 2 3 1 20 0 25 8 4 258 2 3 0 7 5 9 8 2 32 4 8 3 24 0
0 10 10 2 2 26 11 1 0 29 22 10 64 17 0 2 10 90 8 0 1 4 0 2 35 6 1 0 10 0 0 5 1 26 234 0 0 12 4 0 0 0 0 0 2 2 0 1 1 0 44 0 1 1 5 3 2 7 5 0 62 78 14 1 20 10 0 30 8 29 116 0 2 0 55 31 5 2 0 0 75 0 0 0 0 25 8 2 4 1 27 0 24 6 1 222 1 12 0 8 8 22 18 1 24 3 1 3 21 1
0 5 19 2 5 23 8 0 0 26 34 18 86 31 0 3 11 129 12 0 0 5 7 5 59 29 2 0 0 0 0 0 0 29 219 5 5 8 8 0 0 0 0 0 1 4 0 1 0 0 53 0 2 1 3 6 2 2 8 1 55 86 16 1 21 10 0 37 17 15 98 0 2 0 11 32 6 8 1 0 97 0 0 0 0 24 9 2 4 0 8 1 26 8 9 244 1 9 0 4 5 15 12 0 29 5 3 5 18 0
0 6 10 0 6 17 12 5 0 6 6 10 23 24 2 3 7 57 8 0 0 5 4 9 47 18 3 1 3 0 0 4 1 34 275 2 0 8 6 0 0 2 1 0 1 2 0 1 1 0 38 0 8 1 4 7 1 4 6 0 74 81 15 1 22 8 0 48 10 8 113 3 4 0 24 22 11 6 2 1 83 0 0 0 0 9 6 3 7 0 4 0 39 12 16 260 1 3 0 11 11 20 12 1 24 3 3 7 28 0
0 19 15 2 9 18 15 2 0 22 18 20 64 19 0 2 10 97 11 1 0 1 3 2 42 13 1 0 3 0 0 2 1 11 240 1 3 18 4 0 0 1 0 0 3 7 0 2 0 1 61 0 2 0 4 3 2 4 4 0 57 90 15 1 23 16 0 39 7 18 86 0 1 0 17 25 8 6 0 0 113 0 0 0 0 15 9 3 8 2 9 0 26 5 9 238 0 4 0 5 3 14 19 0 25 5 2 5 25 1
0 15 7 0 8 23 16 8 0 19 23 11 59 9 0 0 7 73 5 0 1 1 6 1 38 15 0 0 8 0 0 2 0 39 236 4 2 9 7 0 0 0 1 0 1 7 0 0 0 0 45 1 2 0 0 5 1 4 5 0 52 81 16 1 18 14 2 28 14 34 99 0 2 0 10 30 8 5 0 0 83 0 0 0 0 29 4 2 7 2 22 0 36 9 4 270 1 7 0 12 8 14 10 1 30 2 6 5 24 0
0 11 7 1 3 17 10 0 0 31 34 21 94 20 0 0 17 129 15 0 0 6 6 3 34 5 3 0 10 1 0 4 1 10 234 1 1 23 5 5 0 1 1 0 4 0 0 0 0 0 66 0 3 3 3 3 0 5 8 1 50 101 15 1 31 8 0 27 12 9 105 2 4 0 15 20 6 5 0 0 107 0 0 0 0 18 11 6 3 1 6 0 15 10 3 240 0 10 0 7 9 21 17 1 20 5 2 2 22 0
0 12 15 2 8 21 17 6 0 27 21 16 66 23 1 1 12 108 16 0 0 9 5 6 40 8 0 0 0 0 0 1 2 16 218 2 2 12 4 4 0 0 0 1 1 6 0 0 0 1 65 0 3 2 1 6 1 6 5 0 71 76 16 1 31 20 0 30 16 3 89 2 2 0 4 19 7 3 0 0 113 0 0 0 0 14 8 5 3 0 17 0 20 8 9 234 1 13 0 6 14 24 10 0 38 10 0 8 25 0
0 6 7 0 4 17 6 2 0 15 8 5 33 29 0 8 13 71 8 0 1 4 6 6 39 12 1 0 3 0 0 1 0 47 272 3 0 12 5 1 0 0 0 0 0 5 0 1 0 1 39 0 3 0 4 12 2 4 7 0 78 77 16 1 25 10 4 36 7 13 98 4 1 0 22 26 8 1 0 0 65 0 0 0 0 11 9 1 0 1 18 1 12 12 14 277 1 3 0 30 12 26 11 0 25 0 2 8 28 0
0 17 10 2 9 25 39 3 0 26 23 11 62 19 0 3 9 91 10 0 2 2 4 0 5 4 0 0 42 0 0 0 0 45 238 3 2 12 9 0 0 0 0 0 0 3 0 0 0 1 28 0 1 2 10 5 3 3 3 0 83 58 16 1 16 14 0 33 17 30 85 0 0 0 25 40 7 4 0 0 71 0 0 0 0 21 8 2 1 1 12 0 21 2 7 249 1 9 1 4 0 3 9 0 18 4 3 0 14 1
0 11 12 1 14 22 11 4 0 13 19 24 60 25 2 0 21 93 7 0 0 6 7 4 17 4 0 1 23 4 0 1 3 28 238 5 1 18 4 1 0 0 0 0 1 1 0 0 1 0 75 0 1 1 4 3 2 8 6 0 53 79 15 1 29 22 0 42 7 1 95 3 2 0 11 14 7 4 0 1 114 0 0 0 0 8 2 2 1 2 11 0 20 9 6 243 0 6 0 12 11 17 9 0 36 3 2 10 31 0
0 19 8 3 12 19 8 0 0 33 21 22 81 19 1 2 10 105 4 0 0 1 9 6 62 10 14 0 3 0 0 2 0 26 249 4 8 15 5 0 0 1 0 0 2 6 0 1 0 0 72 0 1 1 3 9 1 2 1 0 82 65 15 1 20 12 2 46 7 19 82 0 0 0 31 29 11 1 1 1 118 0 0 0 0 15 9 1 3 0 17 2 21 6 2 249 6 9 1 2 10 17 9 0 20 4 2 2 13 1
0 25 23 0 11 23 8 2 0 25 17 7 58 13 0 1 5 81 7 0 0 3 4 0 39 21 0 1 1 0 0 3 0 26 218 6 3 16 2 0 1 0 0 0 1 3 0 0 0 0 48 0 0 0 7 6 0 5 16 0 53 78 16 1 22 2 25 47 8 10 81 0 10 0 2 29 7 6 0 1 111 0 0 0 0 28 1 3 5 0 32 0 37 2 4 258 0 8 0 0 7 13 10 1 35 7 2 4 15 1
0 11 16 4 13 23 13 2 0 40 40 5 87 10 0 0 5 111 13 0 1 3 4 2 65 16 0 0 0 0 0 0 0 20 223 7 0 14 5 0 0 0 0 0 1 2 0 0 0 0 44 0 0 1 5 2 0 1 8 0 38 97 18 1 28 0 6 29 15 10 88 0 6 0 10 49 5 1 0 0 82 0 0 0 0 23 13 3 5 0 21 0 18 2 1 238 0 13 0 2 7 13 22 3 41 5 3 11 35 0
0 23 26 3 14 35 31 24 0 17 14 7 40 9 0 0 6 58 8 0 1 2 1 1 54 23 9 0 5 0 0 5 0 31 238 3 0 5 3 0 0 0 0 0 0 5 0 0 2 0 33 0 0 1 6 3 1 2 13 0 60 71 16 1 24 0 21 37 14 11 90 1 13 0 0 47 8 2 0 0 96 0 0 0 0 27 3 1 5 0 24 0 22 5 2 235 0 10 1 2 3 6 10 2 62 7 5 6 33 1
0 15 25 7 8 21 10 1 0 46 48 8 107 28 1 0 15 143 7 0 0 3 9 2 60 11 0 0 2 0 0 0 0 15 196 2 1 25 8 0 0 0 0 0 1 6 0 0 1 0 54 0 0 1 6 1 0 1 4 0 48 101 16 1 27 6 21 17 18 20 91 0 4 0 4 41 8 3 0 1 114 0 0 0 0 22 11 3 6 0 20 0 23 8 1 257 1 9 0 2 2 8 23 2 18 8 3 2 11 1
0 13 13 3 3 21 12 0 0 48 45 6 109 18 0 0 11 146 18 0 0 12 8 2 55 12 0 6 3 1 0 0 0 21 206 3 0 20 7 0 0 0 1 0 2 4 0 2 0 0 47 0 1 1 1 0 1 0 12 0 43 106 16 1 22 2 23 23 25 17 72 2 7 0 9 51 5 3 0 1 87 0 0 0 0 32 12 4 5 1 17 0 16 1 4 223 1 9 1 0 8 18 22 1 33 14 4 4 17 0
0 13 11 1 8 24 27 21 0 25 41 12 80 16 0 1 10 106 9 0 1 4 11 0 47 26 0 4 2 0 0 0 1 32 211 4 0 22 6 0 0 0 0 0 0 6 0 1 0 0 46 0 0 2 5 9 0 1 4 0 57 90 16 1 23 2 12 27 13 21 71 0 6 0 2 49 8 4 1 0 86 0 0 0 0 24 11 7 2 1 18 0 23 4 5 254 4 6 1 2 8 15 19 1 43 13 0 3 18 1
0 14 19 1 4 26 17 6 0 18 27 21 66 16 0 2 9 99 15 0 3 7 6 4 50 10 0 0 1 0 0 3 1 13 221 4 2 15 4 1 0 0 0 0 0 0 0 1 2 0 29 0 0 2 5 1 1 2 8 0 48 77 15 1 18 0 12 31 19 27 75 0 11 0 5 49 9 1 0 0 76 0 0 0 0 48 7 0 3 1 22 0 34 2 4 231 0 3 0 3 10 14 17 4 51 8 2 1 18 1
0 13 13 3 10 10 16 4 0 21 22 9 59 15 0 3 7 87 12 0 0 2 4 1 58 34 1 1 4 1 0 2 0 24 208 0 0 9 10 0 0 0 0 0 0 4 0 0 1 1 31 0 0 2 4 14 0 1 12 0 74 109 16 1 22 0 23 20 20 20 71 0 4 0 10 42 5 1 0 0 68 0 0 0 0 49 10 2 6 0 20 0 21 3 6 224 0 7 1 2 11 19 29 1 45 1 1 2 26 2
0 33 21 0 11 26 17 9 0 23 28 10 65 9 1 1 6 80 6 0 1 3 3 2 68 43 0 3 0 0 0 3 1 38 221 4 3 6 2 0 0 0 0 1 0 1 0 0 0 0 32 0 0 1 6 2 1 3 0 0 36 60 16 1 22 6 0 29 12 25 96 0 7 0 0 37 21 3 0 1 112 0 0 0 0 34 10 0 3 2 36 0 59 3 6 301 1 4 0 0 7 10 14 1 31 1 5 0 13 0
0 22 17 2 13 22 13 5 0 32 40 15 94 17 0 0 11 123 10 0 0 4 5 1 48 6 0 0 1 0 0 0 0 19 206 1 0 22 6 0 0 0 0 0 0 9 0 4 4 0 43 0 1 3 3 1 1 3 8 0 45 89 17 1 21 2 8 25 15 30 68 0 4 0 4 43 10 3 0 0 101 0 0 0 0 34 12 1 4 0 23 0 31 3 0 264 0 17 1 1 3 7 21 2 37 3 4 7 19 2
0 22 23 1 9 26 13 5 0 23 30 18 77 11 0 0 5 105 14 0 0 6 9 4 46 10 5 0 0 0 0 0 0 16 210 4 2 18 3 0 0 0 0 0 0 3 0 0 0 0 36 0 0 1 3 0 0 3 6 0 66 91 17 1 21 2 29 31 15 21 76 0 12 0 16 44 6 2 0 0 91 0 0 0 0 21 7 2 2 0 24 0 26 0 6 237 1 9 1 3 10 12 18 3 33 5 2 6 22 2
0 14 24 3 9 17 11 3 0 27 13 2 50 20 1 1 13 71 1 0 0 0 4 0 71 31 0 0 0 0 0 0 1 24 242 4 3 16 1 0 0 0 0 2 1 2 0 0 0 0 30 0 1 2 1 20 0 1 10 0 49 94 16 1 24 0 12 26 1 30 77 1 3 0 12 36 7 2 0 0 84 0 0 0 0 29 12 3 1 0 23 0 31 9 9 255 0 0 0 2 13 21 10 3 53 5 3 1 28 2
0 18 31 4 9 29 12 10 0 21 28 20 72 10 0 1 3 94 10 0 1 0 3 0 48 18 0 7 0 0 0 1 0 13 200 5 0 10 3 0 0 0 0 0 1 3 0 0 0 0 21 0 0 0 1 4 1 6 20 0 44 78 16 1 23 2 0 30 12 19 90 0 7 0 0 47 18 2 1 3 98 0 0 0 0 35 4 0 4 2 30 0 37 9 4 270 0 2 0 4 3 5 22 6 30 6 4 2 15 1
0 18 16 2 6 19 12 6 0 21 35 14 76 27 0 0 9 120 14 0 1 3 6 4 47 15 1 0 4 0 0 0 1 13 196 5 2 14 9 0 0 0 0 0 1 3 0 0 0 0 37 0 0 0 4 2 1 2 4 0 81 112 15 1 22 2 7 27 26 14 75 1 6 0 4 43 2 2 0 0 77 0 0 0 0 41 12 3 3 1 17 1 14 3 5 241 0 14 1 1 3 8 26 4 29 11 4 3 16 1
0 6 9 3 8 17 43 36 0 51 35 21 111 19 0 0 11 141 9 0 0 1 6 2 50 12 2 2 1 0 0 1 0 14 174 2 4 25 7 0 0 1 0 0 0 2 0 0 4 0 57 0 0 0 4 3 0 0 1 0 50 89 17 1 17 2 2 45 22 12 67 0 4 0 19 46 2 3 0 0 80 0 0 0 0 30 16 7 11 0 12 0 30 5 2 263 2 18 0 4 3 12 24 0 35 4 2 7 15 1
0 12 19 3 7 23 5 0 0 14 15 13 44 30 3 1 15 85 8 0 0 3 8 0 72 9 13 0 12 3 0 0 0 6 249 2 0 14 2 0 0 0 0 0 1 2 0 0 0 0 37 0 0 0 1 9 0 1 2 0 38 64 17 1 17 2 0 77 6 0 89 0 1 0 0 41 5 1 0 3 81 0 0 0 0 29 11 2 4 3 26 0 36 1 0 261 0 7 0 0 7 19 15 4 53 6 7 5 30 0
0 8 14 1 3 9 15 0 0 32 29 22 84 19 0 2 10 122 18 0 2 5 8 1 66 23 4 1 8 0 0 0 0 7 236 2 3 22 3 0 0 0 0 0 0 2 0 0 0 0 38 0 0 0 5 6 0 3 2 0 63 74 17 1 15 2 0 77 18 0 92 0 0 0 0 48 5 0 0 0 66 0 0 0 0 33 21 1 7 0 27 0 13 6 3 257 1 12 0 0 1 11 16 2 27 3 3 2 11 1
0 9 8 7 6 23 6 0 0 20 21 6 54 27 2 4 15 87 6 0 0 3 7 2 62 24 0 0 24 2 0 0 1 7 270 4 2 20 7 0 0 0 0 0 1 0 0 0 2 0 42 0 0 3 4 0 0 0 6 0 37 66 16 1 20 2 2 65 6 0 108 0 6 0 0 39 1 1 0 3 74 0 0 0 0 37 5 5 6 0 20 0 39 2 3 250 2 8 2 2 1 16 14 1 38 8 0 6 21 1
0 9 10 3 4 16 12 6 0 14 15 9 40 18 0 4 9 81 22 0 0 10 6 0 64 9 21 0 16 0 2 0 1 3 245 4 0 12 6 0 0 0 0 0 0 0 0 0 1 0 25 0 0 1 2 4 1 1 1 0 37 64 16 1 14 0 0 78 21 0 94 0 11 0 0 58 3 4 0 0 55 0 0 0 0 57 8 5 5 1 21 0 20 3 1 265 0 12 2 1 0 16 17 11 52 6 3 5 18 0
0 7 9 2 6 12 12 1 0 31 31 8 76 19 1 1 9 107 11 0 2 3 7 1 50 16 0 1 11 4 0 0 1 7 207 2 0 18 5 0 0 0 0 0 0 2 0 0 0 1 45 0 0 1 2 1 1 1 1 0 55 80 16 1 18 0 0 64 13 0 92 0 3 0 0 49 2 3 0 0 69 0 0 0 0 43 24 4 2 0 19 0 28 3 1 264 2 15 1 2 6 20 14 4 42 6 2 6 26 1
0 17 4 4 4 17 15 0 0 19 28 16 64 30 0 1 18 108 9 0 0 4 1 1 49 3 25 0 0 0 0 0 2 5 197 1 0 17 4 0 0 2 0 0 0 1 0 0 2 0 23 0 0 1 1 6 1 1 6 0 42 61 17 1 16 0 0 65 18 0 95 0 0 0 0 57 6 3 0 0 59 0 0 0 0 31 14 3 5 1 20 0 25 3 0 282 0 9 1 6 2 21 23 2 45 3 3 6 35 1
0 7 1 6 9 20 12 1 0 43 27 11 84 30 1 3 12 127 12 0 0 2 20 2 52 6 1 0 20 4 0 0 1 14 229 1 1 26 8 1 0 0 0 0 2 4 0 0 0 0 43 0 0 0 1 0 0 1 3 0 47 71 17 1 19 8 0 59 21 1 89 0 2 0 0 51 5 0 0 1 64 0 0 0 0 21 12 5 11 1 18 0 19 4 0 276 3 16 1 1 6 26 18 1 49 9 0 4 30 0
0 14 13 3 7 18 14 1 0 22 35 19 76 26 0 3 19 113 11 0 0 1 3 3 65 18 16 0 10 0 1 0 2 3 204 5 1 19 4 0 0 1 0 0 0 3 0 0 0 0 15 0 0 0 1 7 1 1 1 0 59 84 15 1 15 0 4 86 6 0 89 0 10 0 0 48 7 2 0 0 54 0 0 0 0 41 5 3 9 2 15 0 30 4 2 262 2 5 2 1 3 10 17 2 33 4 4 3 23 0
0 4 5 2 5 19 18 17 0 21 31 17 71 36 1 2 22 122 15 0 0 9 2 3 26 6 0 0 8 0 0 0 0 10 177 3 0 28 7 0 0 1 1 0 2 3 0 1 0 0 39 0 1 1 3 0 1 0 5 0 43 105 17 1 16 0 0 58 25 0 89 0 0 0 0 47 1 3 1 2 59 0 0 0 0 46 13 3 14 0 23 0 23 5 1 257 1 13 0 2 0 28 29 1 41 7 1 5 29 0
0 14 12 3 10 23 8 1 0 32 29 9 71 24 1 1 14 111 16 0 0 1 12 0 52 3 14 0 8 0 0 0 1 9 213 1 4 22 6 1 0 0 0 0 2 3 0 0 1 0 40 0 0 0 1 10 2 2 8 0 39 90 17 1 16 0 2 70 19 0 97 0 4 0 0 52 2 2 0 0 74 0 0 0 0 24 15 0 4 1 19 0 23 3 1 286 1 10 0 0 3 20 19 1 46 2 0 7 26 0
0 10 13 6 2 24 8 2 0 18 12 29 62 24 2 2 13 95 7 0 0 3 9 0 51 10 1 0 19 1 0 0 0 8 220 3 2 20 4 0 0 0 0 0 2 3 0 0 0 0 38 0 0 0 8 0 0 1 1 0 36 57 16 1 16 6 6 75 14 0 89 0 4 0 0 40 2 0 1 1 71 0 0 0 0 22 7 1 4 2 38 0 29 5 0 277 2 13 0 0 4 22 12 2 45 8 1 6 36 0
0 10 13 4 4 19 12 3 0 25 27 15 69 15 0 3 10 102 13 0 0 6 8 2 47 7 11 0 11 1 0 1 0 6 210 4 0 20 8 0 1 0 0 0 0 4 0 1 1 0 34 0 1 0 4 1 0 2 1 0 36 74 15 1 17 10 2 71 14 1 99 0 10 0 0 38 2 1 0 0 66 0 0 0 0 19 12 6 5 1 24 0 26 2 4 297 0 8 1 0 4 23 21 1 56 5 5 7 27 0
0 3 9 6 4 8 11 4 0 32 24 21 80 23 0 0 10 125 19 0 2 8 4 2 52 25 0 0 22 0 0 0 3 8 255 1 1 18 14 0 0 0 1 0 0 2 0 0 0 0 31 0 0 0 7 2 0 0 1 0 48 79 17 1 13 14 2 83 24 0 92 0 0 0 0 53 1 1 0 0 51 0 0 0 0 33 14 2 6 0 11 0 25 3 1 247 0 25 2 0 6 25 31 2 20 2 1 7 12 0
0 15 15 6 5 33 18 2 0 32 16 20 71 16 0 0 10 100 12 0 1 4 5 1 49 4 10 1 19 0 0 0 0 4 216 4 1 13 6 0 0 0 0 0 0 6 0 0 1 0 39 0 0 0 3 6 0 0 2 0 46 74 17 1 16 0 3 78 10 0 95 0 4 0 0 46 0 3 0 0 78 0 0 0 0 21 6 7 3 1 24 0 40 2 1 256 2 10 0 0 1 17 18 0 46 6 3 9 29 0
0 10 7 12 9 6 6 0 0 11 12 12 42 29 3 2 14 86 14 0 1 1 8 3 51 12 15 0 23 2 0 0 0 7 276 0 1 14 4 0 0 1 0 0 1 3 0 0 1 0 35 0 0 2 4 8 1 4 5 0 47 79 16 1 17 0 1 70 14 0 87 0 8 0 0 49 3 2 0 0 71 0 0 0 0 28 7 1 6 1 17 2 29 4 2 270 0 16 0 1 6 14 25 0 33 5 3 5 18 0
0 19 9 3 8 21 13 3 0 9 9 18 42 20 1 0 12 73 8 0 0 2 12 0 57 14 7 0 8 2 0 3 1 10 293 0 2 9 4 0 0 0 0 0 0 3 0 0 0 0 42 0 1 0 4 3 1 0 1 0 30 68 16 1 17 2 0 77 12 0 97 0 6 0 0 51 0 1 0 2 77 0 0 0 0 37 8 3 10 1 16 0 24 2 5 256 0 3 1 1 7 11 11 1 41 6 2 6 28 0
0 11 14 0 5 16 12 3 0 11 5 14 34 34 1 1 24 85 13 1 0 1 11 0 40 3 0 0 1 0 0 0 0 15 197 2 5 15 7 1 0 0 0 0 0 3 0 1 1 0 43 1 0 0 0 0 0 6 5 0 41 95 17 1 19 2 0 55 11 7 86 0 3 0 8 28 2 2 0 0 74 0 0 0 0 11 6 6 4 1 22 0 30 2 5 239 2 7 1 0 14 24 22 2 99 10 6 9 55 2
0 9 12 4 8 19 10 5 0 26 21 32 86 27 0 1 19 131 12 0 0 5 3 0 43 4 1 1 0 0 0 0 0 9 176 5 0 20 7 0 0 0 0 0 0 2 0 0 0 0 45 0 0 1 3 2 0 8 2 0 57 129 18 1 20 6 0 38 23 9 86 0 1 0 4 28 9 3 0 0 83 0 0 0 0 24 15 4 8 1 17 0 25 4 4 260 0 18 0 0 6 16 36 1 48 6 4 3 40 1
0 7 22 2 6 20 3 0 0 29 13 13 63 30 1 0 20 111 16 0 0 2 10 1 45 5 1 0 0 0 0 0 0 10 183 4 2 33 6 0 0 0 0 0 0 0 0 2 0 0 38 0 0 0 2 0 0 3 6 0 37 101 17 1 20 10 4 40 19 10 72 0 2 0 22 40 6 8 0 0 84 0 0 0 0 19 8 7 5 0 15 0 22 8 2 266 2 14 1 2 3 13 25 4 66 4 3 6 43 0
0 13 11 1 3 31 16 6 0 13 14 15 43 24 0 0 16 71 1 0 0 0 9 1 16 1 0 0 0 0 0 1 0 16 226 0 2 17 3 8 0 0 0 0 0 3 0 0 2 1 51 0 1 2 4 0 1 5 7 0 60 77 17 1 21 10 2 47 9 11 72 0 6 0 6 30 9 5 0 0 102 0 0 0 0 13 6 1 0 1 18 0 34 5 3 259 0 2 0 1 10 15 14 1 60 5 4 2 23 0
0 8 22 1 8 26 6 4 0 6 13 16 37 35 0 4 28 80 8 0 0 6 9 1 35 1 0 0 0 0 0 0 2 5 205 3 2 15 3 2 0 0 1 0 0 7 0 0 0 0 37 0 2 0 3 1 0 1 7 0 49 90 17 1 25 16 0 42 12 4 84 0 3 0 4 19 2 4 0 0 79 0 0 0 0 10 4 5 5 0 13 0 31 7 4 238 0 6 1 1 8 20 16 3 106 6 5 3 53 0
0 16 13 2 3 16 11 6 0 36 17 27 82 31 0 0 19 123 9 0 0 2 8 1 28 3 0 0 0 0 0 0 0 14 158 0 4 30 4 0 0 0 2 0 0 0 0 0 0 2 27 1 0 2 2 1 2 1 1 0 50 87 17 1 19 6 0 45 16 5 82 0 2 0 25 32 8 4 0 0 73 0 0 0 0 17 13 4 6 0 9 0 27 3 2 257 0 16 0 2 10 26 30 5 106 4 3 1 22 0
0 10 14 1 8 16 11 5 0 9 18 16 46 28 0 2 21 84 7 0 0 2 5 1 29 0 1 0 3 0 0 1 2 14 209 1 2 25 7 0 0 1 0 0 1 4 0 0 1 0 42 0 2 1 6 4 3 4 9 0 54 94 15 1 19 4 2 43 13 19 72 0 4 0 12 32 12 6 0 0 89 0 0 0 0 12 8 2 4 1 22 0 55 3 3 275 2 8 3 1 7 18 19 1 60 8 2 5 23 0
0 9 20 1 2 15 11 3 0 15 15 16 58 23 0 2 18 92 11 0 0 4 7 2 53 8 0 1 5 0 1 0 1 7 212 1 2 19 6 0 0 0 0 0 0 3 0 0 0 0 27 0 1 0 1 0 1 2 5 0 37 97 15 1 17 12 0 41 19 22 72 0 1 0 14 35 7 4 0 0 70 0 0 0 0 31 6 2 5 2 25 0 29 2 2 261 0 9 0 0 8 18 15 2 61 3 6 3 40 3
0 13 16 0 8 18 13 6 0 20 12 37 79 29 0 0 25 118 10 0 0 4 2 2 61 8 0 0 0 0 0 0 1 15 180 5 2 20 4 0 0 0 0 0 0 1 0 0 0 1 26 0 0 0 2 0 0 2 1 0 57 120 17 1 15 0 0 54 20 10 64 0 1 0 10 43 4 3 0 3 65 0 0 0 0 33 6 7 6 1 20 0 27 2 1 246 0 17 0 1 5 13 24 1 59 6 1 1 33 1
0 10 24 2 9 26 11 9 0 10 8 27 48 21 1 0 15 76 2 0 0 0 4 7 27 1 0 0 1 0 0 0 0 14 198 6 5 19 2 0 0 0 0 0 0 3 0 0 4 1 45 0 0 2 4 1 0 1 7 0 56 70 17 1 20 0 0 53 3 11 74 0 4 0 2 27 9 5 0 2 99 0 0 0 0 18 2 3 5 3 25 0 37 4 3 253 1 4 0 1 9 18 15 1 118 8 7 2 29 1
0 5 12 1 6 11 4 2 0 23 16 23 64 32 0 3 15 108 11 0 1 2 4 2 23 0 0 0 1 0 0 0 0 12 223 4 2 20 6 1 1 1 0 0 0 1 0 0 2 0 44 0 0 1 2 1 0 1 10 0 48 90 16 1 17 34 6 41 14 22 55 0 1 0 28 34 7 7 0 0 79 0 0 0 0 11 4 5 8 0 19 0 24 8 0 232 7 14 3 0 7 12 22 0 63 11 5 3 29 1
0 11 11 2 9 22 13 1 0 18 6 19 57 22 0 0 14 86 5 0 0 2 8 8 37 8 0 1 3 0 0 0 0 11 199 2 1 12 12 1 0 0 0 0 1 4 0 1 0 0 48 1 0 0 5 3 2 2 6 0 62 99 16 1 21 17 0 46 7 13 79 1 5 0 4 24 4 6 0 0 86 0 0 0 0 21 7 5 6 1 17 0 23 2 5 241 1 11 0 1 4 12 27 1 75 8 4 7 44 2
0 12 12 4 6 23 8 0 0 16 22 15 53 20 0 2 14 86 13 0 0 1 5 1 58 4 0 0 0 0 0 0 1 15 197 3 2 13 7 2 1 0 1 0 1 3 0 0 1 1 23 0 0 0 2 0 0 0 8 0 33 84 18 1 17 49 2 56 14 12 68 0 0 0 12 37 7 2 0 0 63 0 0 0 0 26 5 4 12 0 22 0 33 5 2 246 2 7 1 4 6 9 17 3 115 2 1 5 24 4
0 7 9 2 1 13 9 4 0 22 15 9 51 29 0 1 15 92 11 0 0 1 21 0 7 1 0 1 0 0 0 0 0 9 190 1 2 24 7 3 0 0 0 0 0 1 0 0 0 1 34 0 0 0 1 0 0 3 11 0 59 91 17 1 17 6 0 37 23 16 59 0 5 0 24 40 5 1 0 0 61 0 0 0 0 22 4 4 5 0 13 0 27 8 3 266 0 18 0 0 8 20 21 1 99 2 5 4 38 1
0 12 14 3 5 16 7 3 0 31 22 12 65 31 0 3 23 115 17 0 0 4 13 2 9 1 0 1 1 0 0 0 0 11 149 0 1 19 13 3 0 0 0 0 0 3 0 0 0 1 35 0 0 2 2 2 3 9 5 0 42 102 16 1 20 0 0 40 23 4 63 2 5 0 30 32 6 1 0 0 76 0 0 0 0 28 18 4 9 1 11 0 41 0 2 276 1 24 0 1 7 20 26 1 98 4 2 2 31 0
0 9 11 1 2 43 18 5 0 12 29 7 51 27 0 0 20 87 8 0 0 2 6 0 14 0 0 0 0 0 0 0 0 11 199 4 1 13 2 0 0 0 0 0 0 6 0 1 1 1 44 1 0 1 3 1 0 6 6 1 53 78 19 1 18 45 0 52 16 9 69 0 0 0 0 17 3 4 0 0 74 0 0 0 0 12 10 3 0 0 26 1 33 3 6 257 1 5 2 1 1 7 19 0 79 6 7 4 36 2
0 2 9 9 2 17 4 1 0 20 36 5 63 37 1 4 15 112 12 0 0 3 8 4 42 6 24 2 23 3 0 4 0 4 229 3 0 20 8 0 0 0 0 0 0 1 0 0 0 1 17 0 0 1 1 0 0 1 9 1 34 67 15 1 65 76 0 0 16 5 85 0 7 0 67 54 6 1 0 3 48 0 0 0 0 68 4 4 6 0 13 0 11 1 2 200 0 3 0 3 2 6 23 26 22 2 1 0 19 2
0 7 6 2 5 11 6 0 0 60 50 13 133 33 0 2 22 191 22 0 1 8 5 4 43 2 28 0 0 0 0 0 0 2 151 5 0 13 2 1 0 0 0 0 2 2 0 0 0 0 30 0 0 0 2 0 3 2 6 0 53 111 17 1 21 26 0 21 24 17 83 0 2 0 34 38 0 3 0 0 49 0 0 0 0 44 8 8 10 0 15 0 21 8 2 224 0 11 0 0 2 10 28 9 33 6 8 8 29 0
0 6 5 1 7 15 13 1 0 32 31 10 83 24 0 0 16 123 14 0 0 8 3 1 41 3 32 0 1 0 0 0 0 9 191 2 0 15 5 1 0 0 1 0 0 0 0 0 0 0 14 0 2 0 1 1 2 1 2 0 42 94 17 1 20 46 10 26 24 13 57 0 3 0 34 36 0 6 0 0 35 0 0 0 0 45 8 3 5 1 20 0 21 0 5 243 1 8 0 1 2 4 29 5 23 0 2 0 18 0
0 8 13 2 1 17 6 1 0 67 53 8 137 24 1 2 15 180 19 0 2 8 3 0 52 5 35 1 0 0 0 0 0 7 179 3 0 22 3 1 0 0 0 0 0 1 0 0 0 1 22 0 0 0 2 2 1 0 3 1 34 88 18 1 54 50 0 0 22 3 83 0 0 0 64 57 2 1 0 2 51 0 0 0 0 62 10 2 9 1 19 0 7 5 3 271 0 9 1 1 0 4 41 32 26 0 2 3 18 0
0 1 11 3 3 20 24 5 0 21 30 19 71 22 0 2 15 113 20 0 7 7 6 0 43 13 12 0 5 1 0 0 0 9 190 2 1 28 9 1 1 1 0 0 1 3 0 0 0 0 21 1 0 0 4 0 0 0 5 1 47 113 16 1 38 58 0 0 29 8 102 0 0 0 44 44 0 2 1 0 42 0 0 0 0 60 7 4 2 0 22 0 28 3 3 228 0 11 1 0 0 3 33 15 18 2 1 4 21 1
0 7 6 2 2 8 11 1 0 48 39 23 119 39 0 5 27 180 21 0 2 6 0 0 24 3 18 0 1 0 0 1 2 12 187 2 0 16 4 0 0 0 0 0 0 1 0 0 0 1 15 0 0 0 3 1 2 0 2 0 49 121 17 1 18 26 4 12 19 43 62 0 0 0 10 45 0 4 0 0 34 0 0 0 0 49 16 2 7 0 25 0 21 4 6 246 0 9 0 0 1 7 40 7 26 3 3 5 21 2
0 7 10 0 1 8 5 1 0 46 38 13 107 49 0 5 28 170 12 0 0 2 1 0 47 0 43 0 1 0 0 0 0 7 162 4 0 30 6 0 0 0 0 0 2 2 0 0 0 1 11 0 0 0 2 1 1 0 1 0 29 110 18 1 27 16 0 30 13 2 113 0 0 0 42 45 0 3 0 0 31 0 0 0 0 66 18 2 7 2 13 0 14 4 1 240 3 9 0 0 0 11 42 29 25 2 0 4 22 3
0 9 8 1 2 12 8 0 0 42 47 4 108 40 0 0 25 164 16 0 1 6 1 1 23 0 22 0 0 0 0 1 0 6 117 4 2 15 7 1 0 0 0 0 0 0 0 0 0 0 28 0 0 0 0 1 0 1 6 1 42 103 18 1 34 22 0 0 32 6 98 0 0 0 35 50 0 3 0 0 50 0 0 0 0 76 11 6 7 2 20 0 19 6 8 272 1 8 0 2 0 5 28 25 27 3 0 1 8 0
0 4 8 2 4 12 7 1 0 34 25 6 70 34 0 2 30 128 22 0 2 4 3 1 42 11 14 0 3 1 0 1 0 20 221 3 0 19 13 1 0 1 0 0 1 5 0 0 0 0 33 0 0 1 3 0 0 0 2 0 38 95 16 1 19 59 5 18 25 26 56 0 0 0 34 40 2 3 0 2 56 0 0 0 0 56 6 1 3 0 19 0 33 6 3 234 0 6 0 1 2 7 30 12 26 3 5 1 27 3
0 6 15 3 2 19 17 0 0 38 45 10 103 39 0 1 23 160 15 0 2 3 8 1 29 4 18 1 0 0 3 0 1 17 186 1 0 23 9 2 0 1 0 0 0 2 0 1 0 1 25 0 0 0 5 0 0 1 26 0 43 90 18 1 62 30 0 0 19 3 96 0 0 0 33 49 0 5 1 0 57 0 0 0 0 39 6 5 2 0 13 0 19 0 3 219 0 7 0 0 1 5 26 28 29 4 4 5 24 2
0 3 14 5 3 8 12 0 0 36 27 13 78 36 0 2 26 129 15 0 0 5 2 0 62 8 44 0 0 0 0 0 3 4 172 4 0 27 4 0 0 0 0 0 0 2 0 0 0 1 24 0 0 1 3 2 0 2 2 0 44 105 16 1 20 79 14 8 26 29 53 1 2 0 37 51 1 2 0 3 53 0 0 0 0 43 5 6 3 1 10 0 20 4 4 221 3 8 0 1 0 4 35 4 40 6 7 3 28 1
0 12 13 1 2 13 21 0 0 47 43 16 112 34 1 0 26 160 12 0 0 7 4 0 23 3 10 0 0 0 0 1 1 7 167 5 1 16 1 0 0 0 0 0 0 1 0 1 0 0 18 0 0 0 0 1 1 1 6 0 32 95 17 1 129 27 0 1 7 2 110 0 0 0 66 45 2 2 0 0 49 0 0 0 0 62 19 4 6 1 18 0 18 1 3 218 2 4 0 0 2 10 25 24 29 3 0 4 19 1
0 5 11 4 1 17 16 2 0 31 30 17 83 31 0 1 23 132 16 0 0 10 3 0 40 8 15 0 0 0 0 0 0 8 183 1 1 33 5 0 0 1 0 0 1 2 0 0 1 1 29 0 0 0 3 0 0 0 3 0 46 102 19 1 26 58 0 15 17 18 69 2 4 0 10 61 0 0 0 0 50 0 0 0 0 56 9 1 8 0 10 0 13 2 0 228 2 5 0 1 1 8 33 21 18 3 1 4 22 1
0 8 2 4 2 10 7 1 0 44 58 22 131 39 0 1 27 194 24 0 0 6 5 1 21 1 12 0 0 0 0 0 0 2 170 4 0 22 12 1 0 0 0 0 0 0 0 0 0 0 27 0 1 0 8 0 3 0 2 0 58 105 17 1 22 10 0 33 21 2 122 1 1 0 7 39 0 7 0 0 50 0 0 0 0 57 2 8 4 0 13 1 21 4 0 251 0 9 0 0 1 6 33 6 19 1 0 11 14 0
0 5 6 0 4 13 11 4 0 38 28 8 77 35 0 2 25 124 11 0 3 2 5 2 41 2 29 2 6 0 1 0 5 8 210 7 0 23 7 0 0 0 0 0 0 1 0 1 1 0 24 0 0 0 7 2 1 0 6 0 46 122 16 1 24 20 4 12 16 31 69 0 1 0 15 56 0 5 1 0 41 0 0 0 0 35 10 6 4 1 14 0 24 5 6 256 0 6 0 4 3 13 47 10 30 8 1 3 23 0
0 5 13 0 10 13 20 4 0 16 13 7 36 24 1 4 11 69 8 0 1 4 4 8 59 16 3 0 3 0 0 2 5 37 280 1 3 13 9 3 0 1 0 0 0 2 0 0 2 0 50 0 1 2 5 14 2 0 4 0 67 90 14 1 24 20 5 32 6 21 99 2 1 0 17 32 2 2 0 1 79 0 0 0 0 16 5 8 3 1 14 0 21 11 13 236 0 10 0 3 4 16 12 0 25 6 5 11 28 0
0 4 10 1 0 23 6 0 0 9 20 16 47 38 0 3 24 101 13 1 0 3 8 7 39 16 2 0 8 0 0 4 1 36 237 0 2 18 6 0 0 2 2 2 1 3 0 0 0 0 47 1 1 0 2 7 0 5 12 0 76 105 15 1 23 10 2 35 14 14 110 0 2 0 4 23 5 7 1 0 77 0 0 0 0 12 10 2 4 2 6 1 17 4 8 235 1 6 0 6 10 31 19 4 24 4 6 7 27 0
0 14 6 6 7 20 14 3 0 15 10 16 44 17 0 2 8 74 11 0 0 4 4 9 62 35 2 0 9 1 0 2 0 34 243 3 4 16 5 1 0 0 0 0 1 2 0 0 0 1 41 1 5 4 4 8 1 4 3 0 82 95 14 1 22 18 0 45 7 12 99 1 1 0 27 22 8 6 4 1 97 0 0 0 0 17 4 4 4 0 14 0 17 7 6 222 0 5 1 7 5 12 17 0 32 8 1 9 23 0
0 15 12 1 6 25 24 11 0 16 11 12 44 10 0 4 3 69 14 0 1 6 2 1 48 12 20 0 10 0 0 0 2 30 241 4 3 6 3 0 0 1 0 0 0 2 0 0 0 0 29 0 2 1 3 8 1 2 1 0 50 76 15 1 16 22 0 41 12 31 94 0 0 0 31 25 6 2 0 0 68 0 0 0 0 35 5 3 5 2 30 0 39 3 4 249 2 6 7 4 0 2 11 1 31 4 0 2 14 0
0 21 11 2 8 27 10 0 0 31 17 7 58 26 1 6 15 100 15 0 0 7 4 3 22 6 1 12 20 0 0 2 1 26 230 2 2 16 4 0 0 0 0 0 0 3 0 0 0 0 52 0 0 0 3 4 1 5 8 0 63 66 15 1 19 4 2 44 11 18 83 0 0 0 31 29 11 3 2 1 103 0 0 0 0 23 10 2 3 1 20 0 25 8 4 258 2 3 0 7 5 9 8 2 32 4 8 3 24 0
0 10 10 2 2 26 11 1 0 29 22 10 64 17 0 2 10 90 8 0 1 4 0 2 35 6 1 0 10 0 0 5 1 26 234 0 0 12 4 0 0 0 0 0 2 2 0 1 1 0 44 0 1 1 5 3 2 7 5 0 62 78 14 1 20 10 0 30 8 29 116 0 2 0 55 31 5 2 0 0 75 0 0 0 0 25 8 2 4 1 27 0 24 6 1 222 1 12 0 8 8 22 18 1 24 3 1 3 21 1
0 5 19 2 5 23 8 0 0 26 34 18 86 31 0 3 11 129 12 0 0 5 7 5 59 29 2 0 0 0 0 0 0 29 219 5 5 8 8 0 0 0 0 0 1 4 0 1 0 0 53 0 2 1 3 6 2 2 8 1 55 86 16 1 21 10 0 37 17 15 98 0 2 0 11 32 6 8 1 0 97 0 0 0 0 24 9 2 4 0 8 1 26 8 9 244 1 9 0 4 5 15 12 0 29 5 3 5 18 0
0 6 10 0 6 17 12 5 0 6 6 10 23 24 2 3 7 57 8 0 0 5 4 9 47 18 3 1 3 0 0 4 1 34 275 2 0 8 6 0 0 2 1 0 1 2 0 1 1 0 38 0 8 1 4 7 1 4 6 0 74 81 15 1 22 8 0 48 10 8 113 3 4 0 24 22 11 6 2 1 83 0 0 0 0 9 6 3 7 0 4 0 39 12 16 260 1 3 0 11 11 20 12 1 24 3 3 7 28 0
0 19 15 2 9 18 15 2 0 22 18 20 64 19 0 2 10 97 11 1 0 1 3 2 42 13 1 0 3 0 0 2 1 11 240 1 3 18 4 0 0 1 0 0 3 7 0 2 0 1 61 0 2 0 4 3 2 4 4 0 57 90 15 1 23 16 0 39 7 18 86 0 1 0 17 25 8 6 0 0 113 0 0 0 0 15 9 3 8 2 9 0 26 5 9 238 0 4 0 5 3 14 19 0 25 5 2 5 25 1
0 15 7 0 8 23 16 8 0 19 23 11 59 9 0 0 7 73 5 0 1 1 6 1 38 15 0 0 8 0 0 2 0 39 236 4 2 9 7 0 0 0 1 0 1 7 0 0 0 0 45 1 2 0 0 5 1 4 5 0 52 81 16 1 18 14 2 28 14 34 99 0 2 0 10 30 8 5 0 0 83 0 0 0 0 29 4 2 7 2 22 0 36 9 4 270 1 7 0 12 8 14 10 1 30 2 6 5 24 0
0 11 7 1 3 17 10 0 0 31 34 21 94 20 0 0 17 129 15 0 0 6 6 3 34 5 3 0 10 1 0 4 1 10 234 1 1 23 5 5 0 1 1 0 4 0 0 0 0 0 66 0 3 3 3 3 0 5 8 1 50 101 15 1 31 8 0 27 12 9 105 2 4 0 15 20 6 5 0 0 107 0 0 0 0 18 11 6 3 1 6 0 15 10 3 240 0 10 0 7 9 21 17 1 20 5 2 2 22 0
0 12 15 2 8 21 17 6 0 27 21 16 66 23 1 1 12 108 16 0 0 9 5 6 40 8 0 0 0 0 0 1 2 16 218 2 2 12 4 4 0 0 0 1 1 6 0 0 0 1 65 0 3 2 1 6 1 6 5 0 71 76 16 1 31 20 0 30 16 3 89 2 2 0 4 19 7 3 0 0 113 0 0 0 0 14 8 5 3 0 17 0 20 8 9 234 1 13 0 6 14 24 10 0 38 10 0 8 25 0
0 6 7 0 4 17 6 2 0 15 8 5 33 29 0 8 13 71 8 0 1 4 6 6 39 12 1 0 3 0 0 1 0 47 272 3 0 12 5 1 0 0 0 0 0 5 0 1 0 1 39 0 3 0 4 12 2 4 7 0 78 77 16 1 25 10 4 36 7 13 98 4 1 0 22 26 8 1 0 0 65 0 0 0 0 11 9 1 0 1 18 1 12 12 14 277 1 3 0 30 12 26 11 0 25 0 2 8 28 0
0 17 10 2 9 25 39 3 0 26 23 11 62 19 0 3 9 91 10 0 2 2 4 0 5 4 0 0 42 0 0 0 0 45 238 3 2 12 9 0 0 0 0 0 0 3 0 0 0 1 28 0 1 2 10 5 3 3 3 0 83 58 16 1 16 14 0 33 17 30 85 0 0 0 25 40 7 4 0 0 71 0 0 0 0 21 8 2 1 1 12 0 21 2 7 249 1 9 1 4 0 3 9 0 18 4 3 0 14 1
0 11 12 1 14 22 11 4 0 13 19 24 60 25 2 0 21 93 7 0 0 6 7 4 17 4 0 1 23 4 0 1 3 28 238 5 1 18 4 1 0 0 0 0 1 1 0 0 1 0 75 0 1 1 4 3 2 8 6 0 53 79 15 1 29 22 0 42 7 1 95 3 2 0 11 14 7 4 0 1 114 0 0 0 0 8 2 2 1 2 11 0 20 9 6 243 0 6 0 12 11 17 9 0 36 3 2 10 31 0
0 19 8 3 12 19 8 0 0 33 21 22 81 19 1 2 10 105 4 0 0 1 9 6 62 10 14 0 3 0 0 2 0 26 249 4 8 15 5 0 0 1 0 0 2 6 0 1 0 0 72 0 1 1 3 9 1 2 1 0 82 65 15 1 20 12 2 46 7 19 82 0 0 0 31 29 11 1 1 1 118 0 0 0 0 15 9 1 3 0 17 2 21 6 2 249 6 9 1 2 10 17 9 0 20 4 2 2 13 1
0 25 23 0 11 23 8 2 0 25 17 7 58 13 0 1 5 81 7 0 0 3 4 0 39 21 0 1 1 0 0 3 0 26 218 6 3 16 2 0 1 0 0 0 1 3 0 0 0 0 48 0 0 0 7 6 0 5 16 0 53 78 16 1 22 2 25 47 8 10 81 0 10 0 2 29 7 6 0 1 111 0 0 0 0 28 1 3 5 0 32 0 37 2 4 258 0 8 0 0 7 13 10 1 35 7 2 4 15 1
0 11 16 4 13 23 13 2 0 40 40 5 87 10 0 0 5 111 13 0 1 3 4 2 65 16 0 0 0 0 0 0 0 20 223 7 0 14 5 0 0 0 0 0 1 2 0 0 0 0 44 0 0 1 5 2 0 1 8 0 38 97 18 1 28 0 6 29 15 10 88 0 6 0 10 49 5 1 0 0 82 0 0 0 0 23 13 3 5 0 21 0 18 2 1 238 0 13 0 2 7 13 22 3 41 5 3 11 35 0
0 23 26 3 14 35 31 24 0 17 14 7 40 9 0 0 6 58 8 0 1 2 1 1 54 23 9 0 5 0 0 5 0 31 238 3 0 5 3 0 0 0 0 0 0 5 0 0 2 0 33 0 0 1 6 3 1 2 13 0 60 71 16 1 24 0 21 37 14 11 90 1 13 0 0 47 8 2 0 0 96 0 0 0 0 27 3 1 5 0 24 0 22 5 2 235 0 10 1 2 3 6 10 2 62 7 5 6 33 1
0 15 25 7 8 21 10 1 0 46 48 8 107 28 1 0 15 143 7 0 0 3 9 2 60 11 0 0 2 0 0 0 0 15 196 2 1 25 8 0 0 0 0 0 1 6 0 0 1 0 54 0 0 1 6 1 0 1 4 0 48 101 16 1 27 6 21 17 18 20 91 0 4 0 4 41 8 3 0 1 114 0 0 0 0 22 11 3 6 0 20 0 23 8 1 257 1 9 0 2 2 8 23 2 18 8 3 2 11 1
0 13 13 3 3 21 12 0 0 48 45 6 109 18 0 0 11 146 18 0 0 12 8 2 55 12 0 6 3 1 0 0 0 21 206 3 0 20 7 0 0 0 1 0 2 4 0 2 0 0 47 0 1 1 1 0 1 0 12 0 43 106 16 1 22 2 23 23 25 17 72 2 7 0 9 51 5 3 0 1 87 0 0 0 0 32 12 4 5 1 17 0 16 1 4 223 1 9 1 0 8 18 22 1 33 14 4 4 17 0
0 13 11 1 8 24 27 21 0 25 41 12 80 16 0 1 10 106 9 0 1 4 11 0 47 26 0 4 2 0 0 0 1 32 211 4 0 22 6 0 0 0 0 0 0 6 0 1 0 0 46 0 0 2 5 9 0 1 4 0 57 90 16 1 23 2 12 27 13 21 71 0 6 0 2 49 8 4 1 0 86 0 0 0 0 24 11 7 2 1 18 0 23 4 5 254 4 6 1 2 8 15 19 1 43 13 0 3 18 1
0 14 19 1 4 26 17 6 0 18 27 21 66 16 0 2 9 99 15 0 3 7 6 4 50 10 0 0 1 0 0 3 1 13 221 4 2 15 4 1 0 0 0 0 0 0 0 1 2 0 29 0 0 2 5 1 1 2 8 0 48 77 15 1 18 0 12 31 19 27 75 0 11 0 5 49 9 1 0 0 76 0 0 0 0 48 7 0 3 1 22 0 34 2 4 231 0 3 0 3 10 14 17 4 51 8 2 1 18 1
0 13 13 3 10 10 16 4 0 21 22 9 59 15 0 3 7 87 12 0 0 2 4 1 58 34 1 1 4 1 0 2 0 24 208 0 0 9 10 0 0 0 0 0 0 4 0 0 1 1 31 0 0 2 4 14 0 1 12 0 74 109 16 1 22 0 23 20 20 20 71 0 4 0 10 42 5 1 0 0 68 0 0 0 0 49 10 2 6 0 20 0 21 3 6 224 0 7 1 2 11 19 29 1 45 1 1 2 26 2
0 33 21 0 11 26 17 9 0 23 28 10 65 9 1 1 6 80 6 0 1 3 3 2 68 43 0 3 0 0 0 3 1 38 221 4 3 6 2 0 0 0 0 1 0 1 0 0 0 0 32 0 0 1 6 2 1 3 0 0 36 60 16 1 22 6 0 29 12 25 96 0 7 0 0 37 21 3 0 1 112 0 0 0 0 34 10 0 3 2 36 0 59 3 6 301 1 4 0 0 7 10 14 1 31 1 5 0 13 0
0 22 17 2 13 22 13 5 0 32 40 15 94 17 0 0 11 123 10 0 0 4 5 1 48 6 0 0 1 0 0 0 0 19 206 1 0 22 6 0 0 0 0 0 0 9 0 4 4 0 43 0 1 3 3 1 1 3 8 0 45 89 17 1 21 2 8 25 15 30 68 0 4 0 4 43 10 3 0 0 101 0 0 0 0 34 12 1 4 0 23 0 31 3 0 264 0 17 1 1 3 7 21 2 37 3 4 7 19 2
0 22 23 1 9 26 13 5 0 23 30 18 77 11 0 0 5 105 14 0 0 6 9 4 46 10 5 0 0 0 0 0 0 16 210 4 2 18 3 0 0 0 0 0 0 3 0 0 0 0 36 0 0 1 3 0 0 3 6 0 66 91 17 1 21 2 29 31 15 21 76 0 12 0 16 44 6 2 0 0 91 0 0 0 0 21 7 2 2 0 24 0 26 0 6 237 1 9 1 3 10 12 18 3 33 5 2 6 22 2
0 14 24 3 9 17 11 3 0 27 13 2 50 20 1 1 13 71 1 0 0 0 4 0 71 31 0 0 0 0 0 0 1 24 242 4 3 16 1 0 0 0 0 2 1 2 0 0 0 0 30 0 1 2 1 20 0 1 10 0 49 94 16 1 24 0 12 26 1 30 77 1 3 0 12 36 7 2 0 0 84 0 0 0 0 29 12 3 1 0 23 0 31 9 9 255 0 0 0 2 13 21 10 3 53 5 3 1 28 2
0 18 31 4 9 29 12 10 0 21 28 20 72 10 0 1 3 94 10 0 1 0 3 0 48 18 0 7 0 0 0 1 0 13 200 5 0 10 3 0 0 0 0 0 1 3 0 0 0 0 21 0 0 0 1 4 1 6 20 0 44 78 16 1 23 2 0 30 12 19 90 0 7 0 0 47 18 2 1 3 98 0 0 0 0 35 4 0 4 2 30 0 37 9 4 270 0 2 0 4 3 5 22 6 30 6 4 2 15 1
0 18 16 2 6 19 12 6 0 21 35 14 76 27 0 0 9 120 14 0 1 3 6 4 47 15 1 0 4 0 0 0 1 13 196 5 2 14 9 0 0 0 0 0 1 3 0 0 0 0 37 0 0 0 4 2 1 2 4 0 81 112 15 1 22 2 7 27 26 14 75 1 6 0 4 43 2 2 0 0 77 0 0 0 0 41 12 3 3 1 17 1 14 3 5 241 0 14 1 1 3 8 26 4 29 11 4 3 16 1
0 6 9 3 8 17 43 36 0 51 35 21 111 19 0 0 11 141 9 0 0 1 6 2 50 12 2 2 1 0 0 1 0 14 174 2 4 25 7 0 0 1 0 0 0 2 0 0 4 0 57 0 0 0 4 3 0 0 1 0 50 89 17 1 17 2 2 45 22 12 67 0 4 0 19 46 2 3 0 0 80 0 0 0 0 30 16 7 11 0 12 0 30 5 2 263 2 18 0 4 3 12 24 0 35 4 2 7 15 1
0 12 19 3 7 23 5 0 0 14 15 13 44 30 3 1 15 85 8 0 0 3 8 0 72 9 13 0 12 3 0 0 0 6 249 2 0 14 2 0 0 0 0 0 1 2 0 0 0 0 37 0 0 0 1 9 0 1 2 0 38 64 17 1 17 2 0 77 6 0 89 0 1 0 0 41 5 1 0 3 81 0 0 0 0 29 11 2 4 3 26 0 36 1 0 261 0 7 0 0 7 19 15 4 53 6 7 5 30 0
0 8 14 1 3 9 15 0 0 32 29 22 84 19 0 2 10 122 18 0 2 5 8 1 66 23 4 1 8 0 0 0 0 7 236 2 3 22 3 0 0 0 0 0 0 2 0 0 0 0 38 0 0 0 5 6 0 3 2 0 63 74 17 1 15 2 0 77 18 0 92 0 0 0 0 48 5 0 0 0 66 0 0 0 0 33 21 1 7 0 27 0 13 6 3 257 1 12 0 0 1 11 16 2 27 3 3 2 11 1
0 9 8 7 6 23 6 0 0 20 21 6 54 27 2 4 15 87 6 0 0 3 7 2 62 24 0 0 24 2 0 0 1 7 270 4 2 20 7 0 0 0 0 0 1 0 0 0 2 0 42 0 0 3 4 0 0 0 6 0 37 66 16 1 20 2 2 65 6 0 108 0 6 0 0 39 1 1 0 3 74 0 0 0 0 37 5 5 6 0 20 0 39 2 3 250 2 8 2 2 1 16 14 1 38 8 0 6 21 1
0 9 10 3 4 16 12 6 0 14 15 9 40 18 0 4 9 81 22 0 0 10 6 0 64 9 21 0 16 0 2 0 1 3 245 4 0 12 6 0 0 0 0 0 0 0 0 0 1 0 25 0 0 1 2 4 1 1 1 0 37 64 16 1 14 0 0 78 21 0 94 0 11 0 0 58 3 4 0 0 55 0 0 0 0 57 8 5 5 1 21 0 20 3 1 265 0 12 2 1 0 16 17 11 52 6 3 5 18 0
0 7 9 2 6 12 12 1 0 31 31 8 76 19 1 1 9 107 11 0 2 3 7 1 50 16 0 1 11 4 0 0 1 7 207 2 0 18 5 0 0 0 0 0 0 2 0 0 0 1 45 0 0 1 2 1 1 1 1 0 55 80 16 1 18 0 0 64 13 0 92 0 3 0 0 49 2 3 0 0 69 0 0 0 0 43 24 4 2 0 19 0 28 3 1 264 2 15 1 2 6 20 14 4 42 6 2 6 26 1
0 17 4 4 4 17 15 0 0 19 28 16 64 30 0 1 18 108 9 0 0 4 1 1 49 3 25 0 0 0 0 0 2 5 197 1 0 17 4 0 0 2 0 0 0 1 0 0 2 0 23 0 0 1 1 6 1 1 6 0 42 61 17 1 16 0 0 65 18 0 95 0 0 0 0 57 6 3 0 0 59 0 0 0 0 31 14 3 5 1 20 0 25 3 0 282 0 9 1 6 2 21 23 2 45 3 3 6 35 1
0 7 1 6 9 20 12 1 0 43 27 11 84 30 1 3 12 127 12 0 0 2 20 2 52 6 1 0 20 4 0 0 1 14 229 1 1 26 8 1 0 0 0 0 2 4 0 0 0 0 43 0 0 0 1 0 0 1 3 0 47 71 17 1 19 8 0 59 21 1 89 0 2 0 0 51 5 0 0 1 64 0 0 0 0 21 12 5 11 1 18 0 19 4 0 276 3 16 1 1 6 26 18 1 49 9 0 4 30 0
0 14 13 3 7 18 14 1 0 22 35 19 76 26 0 3 19 113 11 0 0 1 3 3 65 18 16 0 10 0 1 0 2 3 204 5 1 19 4 0 0 1 0 0 0 3 0 0 0 0 15 0 0 0 1 7 1 1 1 0 59 84 15 1 15 0 4 86 6 0 89 0 10 0 0 48 7 2 0 0 54 0 0 0 0 41 5 3 9 2 15 0 30 4 2 262 2 5 2 1 3 10 17 2 33 4 4 3 23 0
0 4 5 2 5 19 18 17 0 21 31 17 71 36 1 2 22 122 15 0 0 9 2 3 26 6 0 0 8 0 0 0 0 10 177 3 0 28 7 0 0 1 1 0 2 3 0 1 0 0 39 0 1 1 3 0 1 0 5 0 43 105 17 1 16 0 0 58 25 0 89 0 0 0 0 47 1 3 1 2 59 0 0 0 0 46 13 3 14 0 23 0 23 5 1 257 1 13 0 2 0 28 29 1 41 7 1 5 29 0
0 14 12 3 10 23 8 1 0 32 29 9 71 24 1 1 14 111 16 0 0 1 12 0 52 3 14 0 8 0 0 0 1 9 213 1 4 22 6 1 0 0 0 0 2 3 0 0 1 0 40 0 0 0 1 10 2 2 8 0 39 90 17 1 16 0 2 70 19 0 97 0 4 0 0 52 2 2 0 0 74 0 0 0 0 24 15 0 4 1 19 0 23 3 1 286 1 10 0 0 3 20 19 1 46 2 0 7 26 0
0 10 13 6 2 24 8 2 0 18 12 29 62 24 2 2 13 95 7 0 0 3 9 0 51 10 1 0 19 1 0 0 0 8 220 3 2 20 4 0 0 0 0 0 2 3 0 0 0 0 38 0 0 0 8 0 0 1 1 0 36 57 16 1 16 6 6 75 14 0 89 0 4 0 0 40 2 0 1 1 71 0 0 0 0 22 7 1 4 2 38 0 29 5 0 277 2 13 0 0 4 22 12 2 45 8 1 6 36 0
0 10 13 4 4 19 12 3 0 25 27 15 69 15 0 3 10 102 13 0 0 6 8 2 47 7 11 0 11 1 0 1 0 6 210 4 0 20 8 0 1 0 0 0 0 4 0 1 1 0 34 0 1 0 4 1 0 2 1 0 36 74 15 1 17 10 2 71 14 1 99 0 10 0 0 38 2 1 0 0 66 0 0 0 0 19 12 6 5 1 24 0 26 2 4 297 0 8 1 0 4 23 21 1 56 5 5 7 27 0
0 3 9 6 4 8 11 4 0 32 24 21 80 23 0 0 10 125 19 0 2 8 4 2 52 25 0 0 22 0 0 0 3 8 255 1 1 18 14 0 0 0 1 0 0 2 0 0 0 0 31 0 0 0 7 2 0 0 1 0 48 79 17 1 13 14 2 83 24 0 92 0 0 0 0 53 1 1 0 0 51 0 0 0 0 33 14 2 6 0 11 0 25 3 1 247 0 25 2 0 6 25 31 2 20 2 1 7 12 0
0 15 15 6 5 33 18 2 0 32 16 20 71 16 0 0 10 100 12 0 1 4 5 1 49 4 10 1 19 0 0 0 0 4 216 4 1 13 6 0 0 0 0 0 0 6 0 0 1 0 39 0 0 0 3 6 0 0 2 0 46 74 17 1 16 0 3 78 10 0 95 0 4 0 0 46 0 3 0 0 78 0 0 0 0 21 6 7 3 1 24 0 40 2 1 256 2 10 0 0 1 17 18 0 46 6 3 9 29 0
0 10 7 12 9 6 6 0 0 11 12 12 42 29 3 2 14 86 14 0 1 1 8 3 51 12 15 0 23 2 0 0 0 7 276 0 1 14 4 0 0 1 0 0 1 3 0 0 1 0 35 0 0 2 4 8 1 4 5 0 47 79 16 1 17 0 1 70 14 0 87 0 8 0 0 49 3 2 0 0 71 0 0 0 0 28 7 1 6 1 17 2 29 4 2 270 0 16 0 1 6 14 25 0 33 5 3 5 18 0
0 19 9 3 8 21 13 3 0 9 9 18 42 20 1 0 12 73 8 0 0 2 12 0 57 14 7 0 8 2 0 3 1 10 293 0 2 9 4 0 0 0 0 0 0 3 0 0 0 0 42 0 1 0 4 3 1 0 1 0 30 68 16 1 17 2 0 77 12 0 97 0 6 0 0 51 0 1 0 2 77 0 0 0 0 37 8 3 10 1 16 0 24 2 5 256 0 3 1 1 7 11 11 1 41 6 2 6 28 0
0 11 14 0 5 16 12 3 0 11 5 14 34 34 1 1 24 85 13 1 0 1 11 0 40 3 0 0 1 0 0 0 0 15 197 2 5 15 7 1 0 0 0 0 0 3 0 1 1 0 43 1 0 0 0 0 0 6 5 0 41 95 17 1 19 2 0 55 11 7 86 0 3 0 8 28 2 2 0 0 74 0 0 0 0 11 6 6 4 1 22 0 30 2 5 239 2 7 1 0 14 24 22 2 99 10 6 9 55 2
0 9 12 4 8 19 10 5 0 26 21 32 86 27 0 1 19 131 12 0 0 5 3 0 43 4 1 1 0 0 0 0 0 9 176 5 0 20 7 0 0 0 0 0 0 2 0 0 0 0 45 0 0 1 3 2 0 8 2 0 57 129 18 1 20 6 0 38 23 9 86 0 1 0 4 28 9 3 0 0 83 0 0 0 0 24 15 4 8 1 17 0 25 4 4 260 0 18 0 0 6 16 36 1 48 6 4 3 40 1
0 7 22 2 6 20 3 0 0 29 13 13 63 30 1 0 20 111 16 0 0 2 10 1 45 5 1 0 0 0 0 0 0 10 183 4 2 33 6 0 0 0 0 0 0 0 0 2 0 0 38 0 0 0 2 0 0 3 6 0 37 101 17 1 20 10 4 40 19 10 72 0 2 0 22 40 6 8 0 0 84 0 0 0 0 19 8 7 5 0 15 0 22 8 2 266 2 14 1 2 3 13 25 4 66 4 3 6 43 0
0 13 11 1 3 31 16 6 0 13 14 15 43 24 0 0 16 71 1 0 0 0 9 1 16 1 0 0 0 0 0 1 0 16 226 0 2 17 3 8 0 0 0 0 0 3 0 0 2 1 51 0 1 2 4 0 1 5 7 0 60 77 17 1 21 10 2 47 9 11 72 0 6 0 6 30 9 5 0 0 102 0 0 0 0 13 6 1 0 1 18 0 34 5 3 259 0 2 0 1 10 15 14 1 60 5 4 2 23 0
0 8 22 1 8 26 6 4 0 6 13 16 37 35 0 4 28 80 8 0 0 6 9 1 35 1 0 0 0 0 0 0 2 5 205 3 2 15 3 2 0 0 1 0 0 7 0 0 0 0 37 0 2 0 3 1 0 1 7 0 49 90 17 1 25 16 0 42 12 4 84 0 3 0 4 19 2 4 0 0 79 0 0 0 0 10 4 5 5 0 13 0 31 7 4 238 0 6 1 1 8 20 16 3 106 6 5 3 53 0
0 16 13 2 3 16 11 6 0 36 17 27 82 31 0 0 19 123 9 0 0 2 8 1 28 3 0 0 0 0 0 0 0 14 158 0 4 30 4 0 0 0 2 0 0 0 0 0 0 2 27 1 0 2 2 1 2 1 1 0 50 87 17 1 19 6 0 45 16 5 82 0 2 0 25 32 8 4 0 0 73 0 0 0 0 17 13 4 6 0 9 0 27 3 2 257 0 16 0 2 10 26 30 5 106 4 3 1 22 0
0 10 14 1 8 16 11 5 0 9 18 16 46 28 0 2 21 84 7 0 0 2 5 1 29 0 1 0 3 0 0 1 2 14 209 1 2 25 7 0 0 1 0 0 1 4 0 0 1 0 42 0 2 1 6 4 3 4 9 0 54 94 15 1 19 4 2 43 13 19 72 0 4 0 12 32 12 6 0 0 89 0 0 0 0 12 8 2 4 1 22 0 55 3 3 275 2 8 3 1 7 18 19 1 60 8 2 5 23 0
0 9 20 1 2 15 11 3 0 15 15 16 58 23 0 2 18 92 11 0 0 4 7 2 53 8 0 1 5 0 1 0 1 7 212 1 2 19 6 0 0 0 0 0 0 3 0 0 0 0 27 0 1 0 1 0 1 2 5 0 37 97 15 1 17 12 0 41 19 22 72 0 1 0 14 35 7 4 0 0 70 0 0 0 0 31 6 2 5 2 25 0 29 2 2 261 0 9 0 0 8 18 15 2 61 3 6 3 40 3
0 13 16 0 8 18 13 6 0 20 12 37 79 29 0 0 25 118 10 0 0 4 2 2 61 8 0 0 0 0 0 0 1 15 180 5 2 20 4 0 0 0 0 0 0 1 0 0 0 1 26 0 0 0 2 0 0 2 1 0 57 120 17 1 15 0 0 54 20 10 64 0 1 0 10 43 4 3 0 3 65 0 0 0 0 33 6 7 6 1 20 0 27 2 1 246 0 17 0 1 5 13 24 1 59 6 1 1 33 1
0 10 24 2 9 26 11 9 0 10 8 27 48 21 1 0 15 76 2 0 0 0 4 7 27 1 0 0 1 0 0 0 0 14 198 6 5 19 2 0 0 0 0 0 0 3 0 0 4 1 45 0 0 2 4 1 0 1 7 0 56 70 17 1 20 0 0 53 3 11 74 0 4 0 2 27 9 5 0 2 99 0 0 0 0 18 2 3 5 3 25 0 37 4 3 253 1 4 0 1 9 18 15 1 118 8 7 2 29 1
0 5 12 1 6 11 4 2 0 23 16 23 64 32 0 3 15 108 11 0 1 2 4 2 23 0 0 0 1 0 0 0 0 12 223 4 2 20 6 1 1 1 0 0 0 1 0 0 2 0 44 0 0 1 2 1 0 1 10 0 48 90 16 1 17 34 6 41 14 22 55 0 1 0 28 34 7 7 0 0 79 0 0 0 0 11 4 5 8 0 19 0 24 8 0 232 7 14 3 0 7 12 22 0 63 11 5 3 29 1
0 11 11 2 9 22 13 1 0 18 6 19 57 22 0 0 14 86 5 0 0 2 8 8 37 8 0 1 3 0 0 0 0 11 199 2 1 12 12 1 0 0 0 0 1 4 0 1 0 0 48 1 0 0 5 3 2 2 6 0 62 99 16 1 21 17 0 46 7 13 79 1 5 0 4 24 4 6 0 0 86 0 0 0 0 21 7 5 6 1 17 0 23 2 5 241 1 11 0 1 4 12 27 1 75 8 4 7 44 2
0 12 12 4 6 23 8 0 0 16 22 15 53 20 0 2 14 86 13 0 0 1 5 1 58 4 0 0 0 0 0 0 1 15 197 3 2 13 7 2 1 0 1 0 1 3 0 0 1 1 23 0 0 0 2 0 0 0 8 0 33 84 18 1 17 49 2 56 14 12 68 0 0 0 12 37 7 2 0 0 63 0 0 0 0 26 5 4 12 0 22 0 33 5 2 246 2 7 1 4 6 9 17 3 115 2 1 5 24 4
0 7 9 2 1 13 9 4 0 22 15 9 51 29 0 1 15 92 11 0 0 1 21 0 7 1 0 1 0 0 0 0 0 9 190 1 2 24 7 3 0 0 0 0 0 1 0 0 0 1 34 0 0 0 1 0 0 3 11 0 59 91 17 1 17 6 0 37 23 16 59 0 5 0 24 40 5 1 0 0 61 0 0 0 0 22 4 4 5 0 13 0 27 8 3 266 0 18 0 0 8 20 21 1 99 2 5 4 38 1
0 12 14 3 5 16 7 3 0 31 22 12 65 31 0 3 23 115 17 0 0 4 13 2 9 1 0 1 1 0 0 0 0 11 149 0 1 19 13 3 0 0 0 0 0 3 0 0 0 1 35 0 0 2 2 2 3 9 5 0 42 102 16 1 20 0 0 40 23 4 63 2 5 0 30 32 6 1 0 0 76 0 0 0 0 28 18 4 9 1 11 0 41 0 2 276 1 24 0 1 7 20 26 1 98 4 2 2 31 0
0 9 11 1 2 43 18 5 0 12 29 7 51 27 0 0 20 87 8 0 0 2 6 0 14 0 0 0 0 0 0 0 0 11 199 4 1 13 2 0 0 0 0 0 0 6 0 1 1 1 44 1 0 1 3 1 0 6 6 1 53 78 19 1 18 45 0 52 16 9 69 0 0 0 0 17 3 4 0 0 74 0 0 0 0 12 10 3 0 0 26 1 33 3 6 257 1 5 2 1 1 7 19 0 79 6 7 4 36 2
