0 0 2 0 0 13 3 0 0 0 0 0 0 3 0 0 1 3 0 0 0 0 32 1 6 5 0 0 0 0 0 0 0 32 374 0 0 1 1 0 0 1 0 0 0 3 0 0 0 0 22 0 0 0 14 0 0 0 3 0 42 23 28 1 16 32 0 17 0 0 59 4 11 0 1 9 1 0 1 0 33 0 0 0 0 0 2 2 0 1 0 0 21 0 10 165 1 1 0 1 31 34 3 0 165 0 4 3 38 0
0 0 1 0 1 12 6 0 0 0 0 0 0 4 0 0 0 4 0 0 0 0 70 2 2 0 0 2 5 0 0 0 0 9 184 0 0 0 0 0 0 0 0 0 0 3 0 0 0 0 30 0 5 0 1 0 0 0 6 1 19 24 13 1 55 12 0 15 4 0 41 6 4 5 0 3 2 1 2 2 43 0 0 0 0 0 6 2 2 0 1 7 5 0 0 170 0 0 1 1 13 19 2 0 15 0 2 1 11 0
0 0 1 0 2 30 0 0 0 0 0 0 1 3 0 0 0 8 0 0 0 0 71 5 0 0 0 0 0 0 0 0 0 30 306 0 0 3 2 0 0 5 0 0 0 0 0 0 0 0 25 0 0 0 3 1 0 0 17 0 32 32 23 1 28 23 0 18 0 0 68 5 10 2 2 4 0 0 0 1 27 0 0 0 0 0 1 0 0 0 1 3 15 0 11 253 0 2 0 0 18 26 11 0 45 1 0 1 18 0
0 0 0 0 1 20 0 0 0 0 0 0 0 3 0 0 0 3 0 0 0 0 36 1 14 8 4 0 1 0 0 0 0 31 197 0 0 2 1 0 0 0 0 0 0 3 0 0 0 0 35 0 0 0 3 1 0 0 3 0 34 19 17 1 21 7 0 16 0 0 47 0 0 13 0 0 0 0 0 2 37 0 0 0 0 0 3 1 8 0 1 5 4 0 7 156 3 3 1 0 11 20 3 0 44 1 1 0 6 0
0 0 0 0 2 24 1 1 0 0 0 0 0 7 0 0 1 8 0 0 0 0 74 3 4 2 1 0 3 0 0 0 0 24 313 0 0 2 5 0 0 0 0 0 0 3 0 0 0 0 46 0 0 0 2 1 0 0 11 0 40 21 19 1 45 22 2 30 0 0 53 6 25 0 4 1 0 0 7 5 58 0 0 0 0 0 3 7 3 0 0 5 15 0 8 237 15 4 6 0 35 42 0 0 21 1 3 1 21 0
0 2 5 0 0 44 4 0 0 0 0 0 0 10 0 0 1 12 1 0 0 1 37 2 26 15 1 0 15 0 0 0 0 31 318 0 1 3 0 0 0 1 0 0 2 1 0 1 0 0 36 0 0 0 9 0 0 0 2 0 57 60 19 1 99 10 6 14 1 0 77 7 8 3 0 8 4 0 1 0 48 0 0 0 0 0 9 3 1 1 8 3 13 0 23 241 2 3 4 1 15 31 11 0 27 0 5 2 30 0
0 0 2 0 1 29 1 1 0 0 0 0 0 8 0 0 1 10 0 0 0 0 65 1 7 3 0 2 11 3 0 1 1 16 303 0 0 0 1 0 0 0 0 0 0 0 0 2 0 0 27 0 0 0 8 2 0 0 11 0 41 39 22 1 47 38 0 16 0 0 46 7 33 3 18 24 0 0 1 1 32 0 0 0 0 0 3 0 0 0 4 16 17 1 15 256 4 1 0 1 23 27 14 0 116 0 6 4 36 0
0 0 10 0 4 19 1 0 0 0 0 0 0 14 0 1 2 17 0 0 0 0 39 1 2 1 0 0 4 2 0 0 0 11 301 0 1 0 2 0 0 1 0 0 0 6 0 5 0 0 24 0 0 0 10 1 0 0 24 0 55 39 18 1 25 2 4 46 2 0 57 6 8 0 4 0 0 1 3 1 40 0 0 0 0 0 5 1 0 3 4 6 17 0 13 216 5 3 0 2 18 31 5 0 34 1 0 4 17 0
0 0 15 0 0 29 5 0 0 0 0 3 6 27 0 0 6 35 0 0 0 0 63 1 1 0 0 1 3 0 0 1 1 16 284 0 4 13 6 0 0 6 1 0 4 2 0 1 0 0 84 0 0 0 10 1 0 2 22 0 43 44 22 1 63 32 4 31 1 0 79 5 12 0 0 1 0 0 0 8 107 0 0 0 0 1 15 0 0 1 1 8 35 0 6 286 6 20 2 3 22 42 3 0 45 5 0 5 23 0
0 0 0 0 0 29 19 0 0 0 0 0 0 8 0 0 2 10 0 0 0 0 72 2 8 5 1 0 2 1 1 0 2 30 332 0 1 1 8 0 0 1 0 0 0 6 0 1 0 0 33 0 0 0 7 1 0 1 17 0 63 24 22 1 55 66 0 31 2 0 72 19 11 3 3 16 0 0 1 0 34 0 0 0 0 0 1 1 0 3 2 4 23 0 6 228 2 1 0 3 16 27 3 0 49 0 9 6 33 0
0 10 4 0 2 26 1 0 0 8 0 1 9 10 0 1 3 19 0 0 0 0 39 1 3 1 2 0 0 0 0 0 0 38 371 0 0 1 2 0 0 1 0 0 0 3 0 1 0 0 59 0 0 0 4 14 0 0 11 0 52 21 26 1 67 42 0 27 0 0 53 6 21 0 0 0 1 0 2 2 78 0 0 0 0 0 18 12 0 0 7 1 9 0 10 266 5 4 0 13 38 51 1 0 14 0 0 0 1 0
0 0 12 0 0 18 2 1 0 24 0 0 24 14 0 1 3 40 0 0 0 0 73 5 2 0 0 0 1 0 0 0 1 4 312 0 0 10 8 0 0 5 0 0 1 2 0 3 1 0 81 0 0 0 7 0 0 2 6 1 74 48 23 1 51 10 2 35 0 0 83 0 32 0 0 0 3 0 3 9 109 0 0 0 0 0 8 2 2 1 3 5 16 0 5 275 5 5 2 2 33 44 6 0 19 1 0 0 5 0
0 0 1 0 2 17 2 0 0 1 0 0 1 17 0 1 0 18 0 0 0 0 59 0 12 7 0 0 7 0 0 1 0 12 297 0 0 1 5 0 0 1 0 0 0 2 0 2 1 0 33 0 0 1 2 6 0 8 17 0 29 31 25 1 35 58 0 21 0 0 84 8 9 1 0 0 0 1 0 7 43 0 0 0 0 0 2 1 0 7 1 1 8 0 8 196 19 7 0 2 16 27 7 0 98 0 0 0 24 0
0 1 0 0 1 14 1 0 0 0 0 0 0 11 0 0 0 12 1 0 0 1 58 0 6 0 1 2 1 0 0 0 2 20 235 0 0 4 1 0 0 2 1 0 0 1 0 2 1 0 49 0 1 0 4 5 0 1 9 0 62 56 21 2 21 24 2 16 0 0 82 29 36 0 5 18 0 0 0 5 83 0 0 0 0 0 7 2 0 4 1 1 10 0 6 214 2 9 1 5 17 25 11 0 156 1 3 0 12 0
0 4 4 0 2 38 7 0 0 6 0 0 6 11 0 1 3 17 0 0 0 0 27 0 6 4 0 1 4 1 0 1 1 26 324 0 1 8 7 0 0 3 1 0 1 1 0 5 0 0 46 0 0 0 8 3 0 0 21 0 32 31 21 1 42 59 0 27 0 0 57 1 33 0 0 0 0 0 1 6 61 0 0 0 0 0 12 2 0 1 2 1 9 1 4 198 4 4 0 5 19 32 7 0 78 3 0 1 15 0
0 3 5 0 0 23 3 0 0 1 0 0 1 17 0 0 0 18 0 0 0 0 74 2 0 0 0 0 9 0 0 0 4 25 315 0 0 8 6 0 0 2 1 0 2 3 0 6 0 0 76 0 0 0 3 5 0 0 14 1 47 43 26 1 56 30 0 37 0 0 61 5 1 0 0 0 1 0 0 3 88 0 0 0 0 0 20 22 0 2 1 2 13 0 2 300 0 6 0 2 34 54 7 0 26 2 0 3 11 0
0 1 8 0 5 19 2 0 0 1 0 1 3 5 0 0 2 9 0 0 0 0 52 1 2 0 0 2 3 1 0 0 0 49 297 0 2 13 4 0 0 2 0 0 0 2 0 0 0 0 60 0 0 0 4 9 0 0 21 0 39 27 23 1 58 44 0 35 0 0 60 8 16 0 0 0 1 0 0 3 74 0 0 0 0 0 10 1 0 1 1 1 7 0 2 233 2 2 0 1 25 43 3 0 48 0 1 1 16 0
0 5 13 0 0 44 2 0 0 0 0 1 1 13 0 1 4 14 0 0 0 0 47 2 7 4 0 0 4 1 0 2 4 18 277 0 3 3 9 0 0 0 0 0 1 2 0 0 0 0 75 0 0 0 5 0 0 0 14 0 28 30 22 1 59 94 0 33 1 0 58 5 20 0 3 4 3 0 0 4 100 0 0 0 0 0 6 1 0 0 2 4 5 0 8 233 6 10 0 7 27 41 2 0 67 2 1 0 11 0
0 5 3 0 3 18 4 0 0 4 0 0 4 7 0 1 2 11 0 0 0 0 40 0 14 9 0 2 0 0 0 0 1 31 291 0 1 2 2 0 0 4 0 0 0 6 0 1 0 0 49 0 0 0 9 0 0 0 9 0 48 43 23 1 32 60 0 27 0 0 54 4 32 0 2 1 0 0 3 5 65 0 0 0 0 0 4 0 0 1 1 1 13 0 11 183 3 15 0 11 20 33 6 0 74 0 1 1 14 0
0 0 5 0 8 21 4 1 0 0 0 2 3 9 0 1 2 13 0 0 0 0 23 0 10 5 1 4 9 1 0 4 2 43 312 0 1 5 3 0 0 1 0 0 0 4 0 5 0 0 70 0 9 0 4 6 1 0 12 0 60 36 15 1 51 8 16 25 1 0 71 2 27 0 0 1 1 0 3 4 93 0 0 0 0 0 5 2 2 1 8 0 14 0 7 184 2 9 0 8 18 29 2 0 22 1 2 0 15 0
0 1 7 2 1 23 18 6 0 1 0 2 6 12 0 2 1 21 1 0 0 0 21 0 19 3 4 1 4 0 0 1 0 43 303 4 0 12 10 0 0 3 0 0 0 3 0 2 1 0 53 0 11 0 2 10 1 0 7 0 76 54 16 1 28 42 73 43 4 0 81 0 22 0 2 0 0 1 1 4 80 0 0 0 0 3 1 1 6 0 12 3 15 1 16 226 3 6 0 3 11 21 6 0 23 2 3 3 10 0
0 1 9 0 3 22 12 3 0 2 0 11 15 13 0 2 4 32 3 0 1 2 18 2 32 4 2 7 14 1 0 3 3 50 320 3 2 12 6 0 0 4 0 0 0 5 0 4 0 0 58 0 6 1 3 3 2 5 15 1 50 84 15 1 31 16 37 47 3 0 91 1 13 1 0 0 6 1 1 2 85 0 0 0 0 0 11 0 2 1 18 2 29 5 12 254 1 6 3 0 18 34 11 0 28 6 3 1 16 0
0 4 9 0 4 19 1 0 0 0 0 5 6 13 0 0 2 20 0 0 0 0 35 2 5 2 0 1 25 7 0 12 3 9 362 0 0 4 4 0 0 1 0 0 0 0 0 6 0 0 60 0 2 0 6 1 0 0 18 0 54 24 16 1 49 10 26 28 2 0 51 1 32 0 2 4 2 0 2 6 85 0 0 0 0 0 3 2 0 0 3 0 11 3 5 162 0 2 0 5 29 37 1 0 14 0 6 0 12 0
0 1 8 0 4 25 18 0 0 4 0 10 15 16 0 2 7 40 1 0 0 0 89 2 18 0 0 17 6 0 0 3 30 0 313 3 1 41 6 0 0 1 3 0 1 9 0 0 0 1 103 0 1 0 1 0 0 0 16 0 37 69 22 1 43 0 0 43 1 0 82 4 7 0 0 0 3 1 1 3 121 0 0 0 0 0 0 5 1 0 0 0 21 3 0 274 7 10 4 1 37 55 11 0 44 3 7 0 24 0
0 3 6 0 0 14 8 2 0 2 0 1 8 21 0 1 9 31 0 0 0 0 28 11 2 0 1 0 1 0 0 2 3 13 348 1 2 31 3 0 0 4 0 0 0 11 0 15 0 0 95 0 9 0 8 5 0 2 6 1 72 74 20 1 97 0 0 19 0 0 108 2 21 1 0 0 0 0 0 1 114 0 0 0 0 1 1 8 5 1 3 0 18 12 5 277 2 7 6 0 35 56 4 0 26 1 1 2 15 1
0 2 11 0 1 14 1 1 0 4 1 51 62 17 1 0 9 84 4 0 0 2 24 7 34 1 2 31 1 0 0 2 1 23 241 6 3 18 3 0 1 3 0 0 2 11 0 2 0 0 88 0 0 0 11 2 1 2 5 1 53 65 16 1 41 8 18 36 4 0 103 3 6 5 2 5 0 4 3 0 109 0 0 0 0 2 10 4 4 2 8 3 33 7 11 322 3 15 2 0 22 46 12 0 9 5 0 1 5 0
0 1 5 1 2 20 7 0 0 4 0 3 10 28 0 2 6 43 4 0 0 0 73 3 8 0 0 8 2 0 0 0 16 6 310 6 0 26 9 0 0 2 0 1 0 4 0 6 0 0 117 1 1 0 3 0 0 0 11 1 42 81 20 1 43 2 0 41 0 0 81 1 20 0 0 0 4 0 0 1 131 0 0 0 0 1 13 1 5 4 8 5 6 3 1 252 3 7 1 2 41 65 7 0 23 7 2 0 9 0
0 6 4 1 2 21 13 2 0 2 0 8 10 14 0 0 7 32 0 0 0 0 18 2 18 3 1 0 15 0 0 13 0 35 350 0 0 15 4 0 0 4 0 0 1 5 0 2 0 0 62 1 22 0 4 5 1 3 4 1 45 47 17 1 30 40 26 43 6 1 102 3 7 0 0 1 3 0 1 1 102 0 0 0 0 7 3 3 2 0 4 1 13 4 32 219 2 4 5 2 37 53 6 0 15 0 1 3 12 0
0 2 5 1 11 19 4 0 0 5 0 18 27 22 0 2 9 60 5 0 0 4 64 0 23 0 0 9 1 0 0 2 2 12 299 8 0 24 9 0 0 3 0 0 1 5 0 5 1 0 114 4 3 0 3 3 1 0 11 0 41 42 18 1 38 18 10 43 5 0 55 4 12 5 2 8 2 1 4 3 139 0 0 0 0 0 5 10 12 0 4 1 8 2 1 252 15 7 1 0 23 33 6 0 39 4 0 0 18 0
0 3 2 0 4 26 4 0 0 5 0 2 9 31 0 0 9 43 1 0 1 0 84 9 0 0 0 0 5 0 0 0 0 8 271 0 5 7 5 0 0 4 0 0 0 1 0 5 0 0 74 0 0 0 3 1 0 0 34 0 52 49 21 1 34 42 28 32 3 0 51 4 6 4 0 3 0 0 0 4 85 0 0 0 0 2 3 1 1 4 3 5 26 1 6 291 1 4 0 5 20 27 8 0 49 1 3 3 29 0
0 4 4 4 2 35 12 0 0 5 3 4 19 21 0 0 7 44 4 0 0 3 38 2 0 0 0 0 0 0 0 0 0 7 247 0 25 13 1 0 0 4 0 4 0 5 0 3 0 0 78 0 0 0 5 4 0 0 14 1 67 64 23 1 53 24 10 24 9 0 75 6 5 0 0 7 0 1 0 0 91 0 0 0 0 0 7 3 7 0 4 9 6 2 3 287 2 9 2 9 19 52 18 0 46 3 1 0 28 0
0 2 6 3 3 12 10 0 0 4 0 6 24 24 0 0 3 53 3 0 0 2 45 3 5 0 0 0 1 0 0 1 0 8 258 0 19 17 7 0 0 0 0 1 2 6 0 4 0 0 75 1 0 0 7 0 0 0 10 0 66 38 22 1 75 18 0 24 1 0 109 17 4 0 0 0 1 0 2 7 99 0 0 0 0 0 9 1 1 0 7 2 5 0 1 260 6 8 4 3 13 38 5 0 71 2 0 0 27 0
0 2 11 2 0 35 6 1 0 1 0 7 21 18 0 1 5 41 2 0 0 1 61 3 0 0 0 0 0 0 0 1 5 18 269 0 6 12 5 0 0 0 0 0 1 22 0 5 0 0 67 0 0 0 2 1 0 1 4 0 34 42 20 1 55 40 0 34 2 0 90 6 2 0 0 0 2 0 1 6 92 0 0 0 0 1 24 4 3 1 7 3 7 3 1 277 3 19 3 5 27 42 4 0 34 0 0 1 17 0
0 0 6 0 1 20 32 4 0 0 0 4 4 16 0 3 6 24 1 0 0 0 13 2 100 25 3 31 36 1 0 15 1 46 377 1 0 7 7 0 0 2 0 0 2 10 0 2 2 0 31 0 5 1 7 9 0 3 15 1 31 43 16 1 36 10 28 44 0 0 83 1 45 0 0 5 1 0 2 7 53 0 0 0 0 0 10 3 4 0 6 0 23 2 15 236 0 4 0 4 13 23 5 0 46 1 2 16 36 0
0 0 10 2 2 16 13 3 0 10 0 2 14 27 0 1 15 56 7 0 0 5 53 0 27 4 1 15 2 1 0 15 0 14 336 2 1 37 8 0 0 1 0 0 0 12 0 9 0 0 102 0 0 0 4 3 0 1 11 1 36 53 19 1 59 44 0 25 2 0 63 5 19 0 0 3 5 3 5 2 129 0 0 0 0 0 7 5 3 0 10 3 5 4 4 284 3 6 1 1 20 30 12 0 31 3 0 1 33 0
0 0 8 2 1 29 3 0 0 0 0 10 10 12 0 0 1 36 2 0 0 2 59 0 9 6 0 3 0 0 0 0 10 25 370 0 11 12 6 0 0 5 0 0 0 13 0 7 2 0 87 1 0 1 9 1 0 0 11 0 37 39 22 1 49 18 0 35 0 0 64 0 16 2 0 0 3 0 0 4 106 0 0 0 0 0 11 3 1 2 5 0 12 0 6 247 1 4 0 6 35 58 5 0 27 1 1 1 21 0
0 3 6 1 4 25 6 0 0 2 0 6 18 38 0 2 7 59 1 0 0 1 53 0 1 0 0 0 0 0 0 0 0 8 288 0 18 9 4 0 0 3 1 1 4 8 0 3 0 0 89 1 0 0 4 0 0 0 8 0 60 62 24 1 61 28 0 24 6 0 70 0 2 2 0 0 0 1 0 5 106 0 0 0 0 0 21 1 2 0 6 4 16 0 2 297 0 13 0 8 18 51 12 0 19 1 0 4 9 0
0 1 11 0 0 28 6 0 0 0 0 4 4 12 0 1 3 17 1 0 0 1 79 1 1 1 0 0 0 0 0 0 1 29 301 1 3 3 7 0 0 1 1 0 0 9 0 3 0 0 84 1 0 0 4 2 0 0 13 0 28 39 22 1 62 55 0 31 2 0 89 0 5 2 0 0 1 1 0 6 105 0 0 0 0 0 16 3 3 1 4 0 19 0 0 273 3 16 0 4 30 50 2 0 36 0 2 0 10 0
0 3 4 3 1 15 22 6 0 4 0 1 10 18 0 0 10 31 1 0 0 0 20 0 75 13 5 27 17 1 2 3 3 39 339 1 0 7 4 0 0 0 0 0 1 2 0 0 0 0 38 0 1 0 7 8 0 0 27 0 36 50 18 1 29 78 23 55 0 0 98 0 19 0 0 7 0 0 4 1 54 0 0 0 0 1 10 2 0 0 4 0 20 0 30 201 0 0 0 1 8 12 4 0 79 6 2 6 37 0
0 0 8 1 4 28 10 7 0 5 0 11 19 21 0 4 3 40 0 0 0 0 9 1 76 18 7 27 20 1 0 5 0 46 309 3 2 6 12 0 0 1 0 0 0 3 0 2 0 0 30 0 10 0 2 13 1 4 12 0 43 65 17 1 27 24 28 48 2 0 94 5 2 0 0 10 0 0 6 0 55 0 0 0 0 6 6 5 0 0 3 1 20 1 27 233 3 5 1 1 7 11 11 0 60 2 12 8 37 0
0 1 3 0 2 28 6 0 0 11 2 2 18 32 0 0 10 57 5 0 0 2 23 0 7 2 0 0 13 1 7 21 0 18 295 0 12 17 6 0 0 1 0 0 3 14 0 7 0 1 49 0 6 0 4 5 0 2 22 0 20 73 20 1 53 35 0 31 0 4 82 5 40 0 0 7 0 0 6 4 69 0 0 0 0 0 20 3 2 0 3 0 5 1 6 262 10 10 0 10 17 34 9 0 43 4 5 3 23 0
0 0 9 0 2 17 3 0 0 0 0 0 0 10 0 1 1 13 0 0 0 0 48 1 1 1 0 0 11 4 1 0 0 34 257 0 1 7 2 0 0 1 0 0 0 2 0 2 0 0 41 0 1 0 5 3 0 2 13 1 33 38 17 1 49 30 2 34 0 0 39 8 14 3 0 8 0 0 1 6 58 0 0 0 0 0 5 7 0 3 4 11 39 0 3 281 1 1 1 1 14 22 5 0 37 2 0 1 12 0
0 1 8 0 0 16 1 0 0 0 0 0 0 15 0 1 2 19 0 0 0 0 56 2 0 0 0 0 0 0 1 0 3 33 325 0 0 2 1 0 0 1 0 0 0 7 0 5 0 0 53 0 0 0 9 3 0 0 39 0 29 11 21 1 46 21 0 36 0 0 55 0 16 4 0 9 1 0 3 4 70 0 0 0 0 0 10 2 7 0 0 8 8 0 6 213 4 0 7 4 18 28 0 0 40 3 9 1 20 0
0 0 8 0 0 22 4 0 0 0 0 0 0 24 0 0 13 26 0 0 0 0 77 1 0 0 0 0 9 0 0 1 0 4 274 0 0 3 1 0 0 4 1 0 0 4 0 2 0 0 37 1 1 0 3 2 0 0 13 0 42 35 21 1 55 0 0 28 0 0 74 4 11 2 0 0 3 0 1 2 55 0 0 0 0 0 2 2 0 0 1 3 7 0 4 230 4 4 0 2 16 23 5 0 81 1 0 1 17 0
0 0 2 1 0 28 1 0 0 0 0 3 3 13 0 0 2 17 0 0 0 0 22 1 1 0 0 0 0 0 0 0 0 26 190 0 1 6 6 1 0 1 0 0 2 6 0 1 0 0 41 0 0 1 3 0 0 0 18 0 32 58 23 1 27 92 0 37 9 0 71 9 0 1 9 15 0 0 1 0 47 0 0 0 0 0 15 3 1 1 7 3 13 0 9 226 11 6 0 3 6 29 15 0 82 6 6 21 45 0
0 0 16 0 2 15 11 0 0 0 0 7 8 24 1 1 5 34 0 0 0 0 34 3 8 2 5 1 21 18 0 0 0 25 361 1 4 7 3 0 0 5 0 0 2 7 0 2 0 0 83 0 1 0 5 4 0 0 13 0 54 62 22 1 1995 17 6 1 0 0 73 3 4 0 1 8 0 1 0 0 101 0 0 0 0 0 7 1 0 2 5 6 14 1 9 241 2 1 0 1 23 41 12 0 34 7 8 16 54 0
0 0 3 2 0 9 0 0 0 0 0 0 0 5 0 1 1 6 0 0 0 0 35 2 0 0 0 0 0 0 0 0 0 55 282 0 0 0 0 0 0 0 0 0 1 2 0 3 0 0 33 0 0 0 6 0 0 0 50 0 32 25 30 2 110 72 6 23 0 2 67 6 9 0 2 1 0 0 5 0 75 0 0 0 0 0 6 1 0 3 6 3 18 0 11 196 3 0 0 5 29 38 5 0 239 0 3 0 9 0
0 0 0 1 1 28 2 0 0 1 0 0 1 12 0 0 3 14 0 0 0 0 30 0 1 0 0 0 1 0 0 0 0 48 220 0 1 7 9 0 0 0 0 0 0 2 0 5 2 0 54 0 0 1 0 1 0 1 12 0 13 27 25 2 47 72 0 26 8 0 57 4 2 0 2 24 0 0 3 0 99 0 0 0 0 0 5 3 0 0 3 3 13 0 15 236 5 3 0 3 24 34 5 0 49 3 0 1 23 0
0 0 5 0 7 56 15 0 0 0 0 0 2 21 0 0 1 29 0 0 0 0 23 1 0 0 0 0 1 0 0 0 0 10 297 1 0 16 7 0 0 4 2 0 0 5 0 5 0 0 71 1 0 0 2 0 0 0 8 0 32 34 21 1 76 27 0 23 0 0 55 3 6 4 0 2 0 0 4 2 83 0 0 0 0 0 11 1 0 1 1 5 8 2 3 178 9 7 1 2 20 33 1 0 60 3 2 6 38 0
0 0 10 2 1 33 7 0 0 5 0 4 9 18 0 0 4 33 0 0 0 0 34 0 0 0 0 0 0 0 0 0 2 37 214 1 2 10 5 0 0 4 0 0 0 11 0 1 0 0 56 0 1 0 4 3 0 0 16 0 74 95 23 1 30 58 6 31 14 0 75 0 0 0 1 12 2 0 0 1 73 0 0 0 0 1 8 6 0 2 11 3 17 2 3 279 12 6 4 2 12 34 10 0 75 10 2 33 52 0
0 0 3 0 3 16 0 0 0 0 0 0 2 6 0 1 0 10 0 0 0 0 44 0 2 1 0 0 4 0 0 0 1 48 310 2 4 1 0 0 0 1 0 0 0 3 0 1 0 0 48 0 0 0 5 1 0 0 51 0 28 20 23 1 54 18 11 32 0 2 76 1 14 0 0 4 0 2 1 0 73 0 0 0 0 0 4 3 0 4 7 5 19 0 5 251 0 1 0 0 33 41 6 0 122 0 1 1 3 0
0 1 3 0 0 21 6 1 0 0 0 0 5 11 0 3 1 17 0 0 0 0 41 2 5 1 1 2 1 0 0 0 1 7 320 0 1 3 4 0 0 3 0 0 0 5 0 8 0 0 66 1 1 0 5 1 0 0 12 0 49 36 21 1 42 35 0 17 0 9 93 4 0 0 0 0 0 2 2 0 76 0 0 0 0 0 8 3 1 0 1 5 11 0 13 219 36 5 0 3 24 40 5 0 74 1 18 1 29 0
0 0 0 0 4 8 8 0 0 0 0 0 2 15 0 0 3 26 0 0 0 0 39 0 1 0 0 1 0 0 0 0 0 5 361 0 0 18 5 0 0 4 0 0 0 14 0 6 1 0 60 0 0 0 4 1 0 0 12 0 38 37 25 1 26 22 0 36 0 23 78 8 0 0 0 0 2 0 2 2 66 0 0 0 0 0 9 2 8 1 3 1 5 0 9 243 6 4 19 2 23 48 6 0 39 7 4 8 29 0
0 0 12 0 1 25 7 0 0 4 0 1 5 16 0 1 4 26 1 0 0 1 77 0 16 1 0 1 13 1 1 0 0 5 316 1 1 9 4 0 0 1 0 0 0 9 0 4 0 0 79 0 1 0 7 0 0 0 9 1 34 38 21 1 41 24 0 27 0 14 68 1 0 0 0 0 0 0 3 3 119 0 0 0 0 0 7 3 0 1 6 5 50 1 4 289 1 4 5 6 46 63 4 0 52 3 3 0 10 0
0 0 8 0 0 17 5 0 0 0 0 1 4 16 0 0 1 22 0 0 0 0 86 0 1 1 0 0 3 0 0 0 1 4 318 0 6 14 3 0 0 4 0 0 0 7 0 9 1 0 88 0 0 0 3 1 0 0 12 0 35 29 24 1 40 18 0 31 0 11 86 4 0 0 0 0 2 0 1 1 100 0 0 0 0 0 13 2 6 4 3 4 11 0 6 302 6 7 32 3 28 48 5 0 22 3 0 1 7 0
0 0 0 0 0 21 0 0 0 7 0 0 7 7 0 2 2 15 0 0 0 0 4 0 1 0 0 0 1 0 0 0 0 11 81 0 2 15 5 0 0 2 0 0 0 9 0 2 0 0 48 0 0 0 2 0 0 0 12 0 20 17 25 1 15 189 0 26 56 1 110 8 0 0 0 12 2 0 2 0 55 0 0 0 0 0 10 0 0 0 16 1 3 0 7 127 3 2 0 0 3 21 2 0 71 2 1 0 6 0
0 0 3 0 0 16 3 0 0 0 0 0 4 25 0 7 6 33 0 0 0 0 42 2 1 0 0 0 0 0 1 0 0 6 294 0 2 18 9 0 0 3 0 0 0 4 0 12 0 0 84 1 0 0 1 2 0 0 20 1 42 43 23 1 72 36 0 20 0 2 106 7 0 0 0 0 1 0 6 0 95 0 0 0 0 1 11 0 2 0 12 7 7 0 6 235 28 6 2 0 22 41 3 0 31 0 22 1 35 0
0 1 12 0 0 13 0 0 0 1 0 0 1 23 0 0 3 33 0 0 0 0 80 0 4 1 0 0 2 0 0 0 1 11 408 0 0 9 4 0 0 7 2 0 3 5 0 1 0 0 75 0 0 0 9 0 1 0 27 0 36 51 27 1 44 16 0 24 0 9 64 1 0 0 0 0 0 0 1 3 92 0 0 0 0 1 4 3 2 2 11 5 3 0 2 266 0 3 0 1 19 40 2 0 60 0 0 2 26 0
0 0 11 0 1 14 1 0 0 3 0 2 5 14 0 1 6 23 0 0 0 0 63 0 11 1 1 1 18 0 1 0 0 19 325 0 0 12 3 0 0 1 1 0 0 11 0 8 2 0 79 0 2 1 7 0 0 0 6 0 35 33 23 1 48 23 0 19 1 14 87 4 0 0 0 0 0 0 4 3 124 0 0 0 0 0 7 1 2 0 1 2 64 0 9 287 1 7 1 5 30 44 6 0 61 0 6 2 15 0
0 0 0 0 0 23 2 0 0 6 0 0 6 10 0 0 1 17 0 0 0 0 3 0 2 0 1 0 0 0 0 0 0 35 90 0 0 21 9 0 0 2 0 0 0 2 0 0 0 0 52 0 0 1 0 3 0 0 24 0 25 26 26 1 15 147 0 22 49 2 97 2 0 0 0 21 1 0 2 0 60 0 0 0 0 0 0 3 1 0 1 0 2 3 1 107 1 1 0 1 8 31 3 0 65 1 0 0 7 0
0 0 2 0 0 13 3 0 0 0 0 0 0 3 0 0 1 3 0 0 0 0 32 1 6 5 0 0 0 0 0 0 0 32 374 0 0 1 1 0 0 1 0 0 0 3 0 0 0 0 22 0 0 0 14 0 0 0 3 0 42 23 28 1 16 32 0 17 0 0 59 4 11 0 1 9 1 0 1 0 33 0 0 0 0 0 2 2 0 1 0 0 21 0 10 165 1 1 0 1 31 34 3 0 165 0 4 3 38 0
0 0 1 0 1 12 6 0 0 0 0 0 0 4 0 0 0 4 0 0 0 0 70 2 2 0 0 2 5 0 0 0 0 9 184 0 0 0 0 0 0 0 0 0 0 3 0 0 0 0 30 0 5 0 1 0 0 0 6 1 19 24 13 1 55 12 0 15 4 0 41 6 4 5 0 3 2 1 2 2 43 0 0 0 0 0 6 2 2 0 1 7 5 0 0 170 0 0 1 1 13 19 2 0 15 0 2 1 11 0
0 0 1 0 2 30 0 0 0 0 0 0 1 3 0 0 0 8 0 0 0 0 71 5 0 0 0 0 0 0 0 0 0 30 306 0 0 3 2 0 0 5 0 0 0 0 0 0 0 0 25 0 0 0 3 1 0 0 17 0 32 32 23 1 28 23 0 18 0 0 68 5 10 2 2 4 0 0 0 1 27 0 0 0 0 0 1 0 0 0 1 3 15 0 11 253 0 2 0 0 18 26 11 0 45 1 0 1 18 0
0 0 0 0 1 20 0 0 0 0 0 0 0 3 0 0 0 3 0 0 0 0 36 1 14 8 4 0 1 0 0 0 0 31 197 0 0 2 1 0 0 0 0 0 0 3 0 0 0 0 35 0 0 0 3 1 0 0 3 0 34 19 17 1 21 7 0 16 0 0 47 0 0 13 0 0 0 0 0 2 37 0 0 0 0 0 3 1 8 0 1 5 4 0 7 156 3 3 1 0 11 20 3 0 44 1 1 0 6 0
0 0 0 0 2 24 1 1 0 0 0 0 0 7 0 0 1 8 0 0 0 0 74 3 4 2 1 0 3 0 0 0 0 24 313 0 0 2 5 0 0 0 0 0 0 3 0 0 0 0 46 0 0 0 2 1 0 0 11 0 40 21 19 1 45 22 2 30 0 0 53 6 25 0 4 1 0 0 7 5 58 0 0 0 0 0 3 7 3 0 0 5 15 0 8 237 15 4 6 0 35 42 0 0 21 1 3 1 21 0
0 2 5 0 0 44 4 0 0 0 0 0 0 10 0 0 1 12 1 0 0 1 37 2 26 15 1 0 15 0 0 0 0 31 318 0 1 3 0 0 0 1 0 0 2 1 0 1 0 0 36 0 0 0 9 0 0 0 2 0 57 60 19 1 99 10 6 14 1 0 77 7 8 3 0 8 4 0 1 0 48 0 0 0 0 0 9 3 1 1 8 3 13 0 23 241 2 3 4 1 15 31 11 0 27 0 5 2 30 0
0 0 2 0 1 29 1 1 0 0 0 0 0 8 0 0 1 10 0 0 0 0 65 1 7 3 0 2 11 3 0 1 1 16 303 0 0 0 1 0 0 0 0 0 0 0 0 2 0 0 27 0 0 0 8 2 0 0 11 0 41 39 22 1 47 38 0 16 0 0 46 7 33 3 18 24 0 0 1 1 32 0 0 0 0 0 3 0 0 0 4 16 17 1 15 256 4 1 0 1 23 27 14 0 116 0 6 4 36 0
0 0 10 0 4 19 1 0 0 0 0 0 0 14 0 1 2 17 0 0 0 0 39 1 2 1 0 0 4 2 0 0 0 11 301 0 1 0 2 0 0 1 0 0 0 6 0 5 0 0 24 0 0 0 10 1 0 0 24 0 55 39 18 1 25 2 4 46 2 0 57 6 8 0 4 0 0 1 3 1 40 0 0 0 0 0 5 1 0 3 4 6 17 0 13 216 5 3 0 2 18 31 5 0 34 1 0 4 17 0
0 0 15 0 0 29 5 0 0 0 0 3 6 27 0 0 6 35 0 0 0 0 63 1 1 0 0 1 3 0 0 1 1 16 284 0 4 13 6 0 0 6 1 0 4 2 0 1 0 0 84 0 0 0 10 1 0 2 22 0 43 44 22 1 63 32 4 31 1 0 79 5 12 0 0 1 0 0 0 8 107 0 0 0 0 1 15 0 0 1 1 8 35 0 6 286 6 20 2 3 22 42 3 0 45 5 0 5 23 0
0 0 0 0 0 29 19 0 0 0 0 0 0 8 0 0 2 10 0 0 0 0 72 2 8 5 1 0 2 1 1 0 2 30 332 0 1 1 8 0 0 1 0 0 0 6 0 1 0 0 33 0 0 0 7 1 0 1 17 0 63 24 22 1 55 66 0 31 2 0 72 19 11 3 3 16 0 0 1 0 34 0 0 0 0 0 1 1 0 3 2 4 23 0 6 228 2 1 0 3 16 27 3 0 49 0 9 6 33 0
0 10 4 0 2 26 1 0 0 8 0 1 9 10 0 1 3 19 0 0 0 0 39 1 3 1 2 0 0 0 0 0 0 38 371 0 0 1 2 0 0 1 0 0 0 3 0 1 0 0 59 0 0 0 4 14 0 0 11 0 52 21 26 1 67 42 0 27 0 0 53 6 21 0 0 0 1 0 2 2 78 0 0 0 0 0 18 12 0 0 7 1 9 0 10 266 5 4 0 13 38 51 1 0 14 0 0 0 1 0
0 0 12 0 0 18 2 1 0 24 0 0 24 14 0 1 3 40 0 0 0 0 73 5 2 0 0 0 1 0 0 0 1 4 312 0 0 10 8 0 0 5 0 0 1 2 0 3 1 0 81 0 0 0 7 0 0 2 6 1 74 48 23 1 51 10 2 35 0 0 83 0 32 0 0 0 3 0 3 9 109 0 0 0 0 0 8 2 2 1 3 5 16 0 5 275 5 5 2 2 33 44 6 0 19 1 0 0 5 0
0 0 1 0 2 17 2 0 0 1 0 0 1 17 0 1 0 18 0 0 0 0 59 0 12 7 0 0 7 0 0 1 0 12 297 0 0 1 5 0 0 1 0 0 0 2 0 2 1 0 33 0 0 1 2 6 0 8 17 0 29 31 25 1 35 58 0 21 0 0 84 8 9 1 0 0 0 1 0 7 43 0 0 0 0 0 2 1 0 7 1 1 8 0 8 196 19 7 0 2 16 27 7 0 98 0 0 0 24 0
0 1 0 0 1 14 1 0 0 0 0 0 0 11 0 0 0 12 1 0 0 1 58 0 6 0 1 2 1 0 0 0 2 20 235 0 0 4 1 0 0 2 1 0 0 1 0 2 1 0 49 0 1 0 4 5 0 1 9 0 62 56 21 2 21 24 2 16 0 0 82 29 36 0 5 18 0 0 0 5 83 0 0 0 0 0 7 2 0 4 1 1 10 0 6 214 2 9 1 5 17 25 11 0 156 1 3 0 12 0
0 4 4 0 2 38 7 0 0 6 0 0 6 11 0 1 3 17 0 0 0 0 27 0 6 4 0 1 4 1 0 1 1 26 324 0 1 8 7 0 0 3 1 0 1 1 0 5 0 0 46 0 0 0 8 3 0 0 21 0 32 31 21 1 42 59 0 27 0 0 57 1 33 0 0 0 0 0 1 6 61 0 0 0 0 0 12 2 0 1 2 1 9 1 4 198 4 4 0 5 19 32 7 0 78 3 0 1 15 0
0 3 5 0 0 23 3 0 0 1 0 0 1 17 0 0 0 18 0 0 0 0 74 2 0 0 0 0 9 0 0 0 4 25 315 0 0 8 6 0 0 2 1 0 2 3 0 6 0 0 76 0 0 0 3 5 0 0 14 1 47 43 26 1 56 30 0 37 0 0 61 5 1 0 0 0 1 0 0 3 88 0 0 0 0 0 20 22 0 2 1 2 13 0 2 300 0 6 0 2 34 54 7 0 26 2 0 3 11 0
0 1 8 0 5 19 2 0 0 1 0 1 3 5 0 0 2 9 0 0 0 0 52 1 2 0 0 2 3 1 0 0 0 49 297 0 2 13 4 0 0 2 0 0 0 2 0 0 0 0 60 0 0 0 4 9 0 0 21 0 39 27 23 1 58 44 0 35 0 0 60 8 16 0 0 0 1 0 0 3 74 0 0 0 0 0 10 1 0 1 1 1 7 0 2 233 2 2 0 1 25 43 3 0 48 0 1 1 16 0
0 5 13 0 0 44 2 0 0 0 0 1 1 13 0 1 4 14 0 0 0 0 47 2 7 4 0 0 4 1 0 2 4 18 277 0 3 3 9 0 0 0 0 0 1 2 0 0 0 0 75 0 0 0 5 0 0 0 14 0 28 30 22 1 59 94 0 33 1 0 58 5 20 0 3 4 3 0 0 4 100 0 0 0 0 0 6 1 0 0 2 4 5 0 8 233 6 10 0 7 27 41 2 0 67 2 1 0 11 0
0 5 3 0 3 18 4 0 0 4 0 0 4 7 0 1 2 11 0 0 0 0 40 0 14 9 0 2 0 0 0 0 1 31 291 0 1 2 2 0 0 4 0 0 0 6 0 1 0 0 49 0 0 0 9 0 0 0 9 0 48 43 23 1 32 60 0 27 0 0 54 4 32 0 2 1 0 0 3 5 65 0 0 0 0 0 4 0 0 1 1 1 13 0 11 183 3 15 0 11 20 33 6 0 74 0 1 1 14 0
0 0 5 0 8 21 4 1 0 0 0 2 3 9 0 1 2 13 0 0 0 0 23 0 10 5 1 4 9 1 0 4 2 43 312 0 1 5 3 0 0 1 0 0 0 4 0 5 0 0 70 0 9 0 4 6 1 0 12 0 60 36 15 1 51 8 16 25 1 0 71 2 27 0 0 1 1 0 3 4 93 0 0 0 0 0 5 2 2 1 8 0 14 0 7 184 2 9 0 8 18 29 2 0 22 1 2 0 15 0
0 1 7 2 1 23 18 6 0 1 0 2 6 12 0 2 1 21 1 0 0 0 21 0 19 3 4 1 4 0 0 1 0 43 303 4 0 12 10 0 0 3 0 0 0 3 0 2 1 0 53 0 11 0 2 10 1 0 7 0 76 54 16 1 28 42 73 43 4 0 81 0 22 0 2 0 0 1 1 4 80 0 0 0 0 3 1 1 6 0 12 3 15 1 16 226 3 6 0 3 11 21 6 0 23 2 3 3 10 0
0 1 9 0 3 22 12 3 0 2 0 11 15 13 0 2 4 32 3 0 1 2 18 2 32 4 2 7 14 1 0 3 3 50 320 3 2 12 6 0 0 4 0 0 0 5 0 4 0 0 58 0 6 1 3 3 2 5 15 1 50 84 15 1 31 16 37 47 3 0 91 1 13 1 0 0 6 1 1 2 85 0 0 0 0 0 11 0 2 1 18 2 29 5 12 254 1 6 3 0 18 34 11 0 28 6 3 1 16 0
0 4 9 0 4 19 1 0 0 0 0 5 6 13 0 0 2 20 0 0 0 0 35 2 5 2 0 1 25 7 0 12 3 9 362 0 0 4 4 0 0 1 0 0 0 0 0 6 0 0 60 0 2 0 6 1 0 0 18 0 54 24 16 1 49 10 26 28 2 0 51 1 32 0 2 4 2 0 2 6 85 0 0 0 0 0 3 2 0 0 3 0 11 3 5 162 0 2 0 5 29 37 1 0 14 0 6 0 12 0
0 1 8 0 4 25 18 0 0 4 0 10 15 16 0 2 7 40 1 0 0 0 89 2 18 0 0 17 6 0 0 3 30 0 313 3 1 41 6 0 0 1 3 0 1 9 0 0 0 1 103 0 1 0 1 0 0 0 16 0 37 69 22 1 43 0 0 43 1 0 82 4 7 0 0 0 3 1 1 3 121 0 0 0 0 0 0 5 1 0 0 0 21 3 0 274 7 10 4 1 37 55 11 0 44 3 7 0 24 0
0 3 6 0 0 14 8 2 0 2 0 1 8 21 0 1 9 31 0 0 0 0 28 11 2 0 1 0 1 0 0 2 3 13 348 1 2 31 3 0 0 4 0 0 0 11 0 15 0 0 95 0 9 0 8 5 0 2 6 1 72 74 20 1 97 0 0 19 0 0 108 2 21 1 0 0 0 0 0 1 114 0 0 0 0 1 1 8 5 1 3 0 18 12 5 277 2 7 6 0 35 56 4 0 26 1 1 2 15 1
0 2 11 0 1 14 1 1 0 4 1 51 62 17 1 0 9 84 4 0 0 2 24 7 34 1 2 31 1 0 0 2 1 23 241 6 3 18 3 0 1 3 0 0 2 11 0 2 0 0 88 0 0 0 11 2 1 2 5 1 53 65 16 1 41 8 18 36 4 0 103 3 6 5 2 5 0 4 3 0 109 0 0 0 0 2 10 4 4 2 8 3 33 7 11 322 3 15 2 0 22 46 12 0 9 5 0 1 5 0
0 1 5 1 2 20 7 0 0 4 0 3 10 28 0 2 6 43 4 0 0 0 73 3 8 0 0 8 2 0 0 0 16 6 310 6 0 26 9 0 0 2 0 1 0 4 0 6 0 0 117 1 1 0 3 0 0 0 11 1 42 81 20 1 43 2 0 41 0 0 81 1 20 0 0 0 4 0 0 1 131 0 0 0 0 1 13 1 5 4 8 5 6 3 1 252 3 7 1 2 41 65 7 0 23 7 2 0 9 0
0 6 4 1 2 21 13 2 0 2 0 8 10 14 0 0 7 32 0 0 0 0 18 2 18 3 1 0 15 0 0 13 0 35 350 0 0 15 4 0 0 4 0 0 1 5 0 2 0 0 62 1 22 0 4 5 1 3 4 1 45 47 17 1 30 40 26 43 6 1 102 3 7 0 0 1 3 0 1 1 102 0 0 0 0 7 3 3 2 0 4 1 13 4 32 219 2 4 5 2 37 53 6 0 15 0 1 3 12 0
0 2 5 1 11 19 4 0 0 5 0 18 27 22 0 2 9 60 5 0 0 4 64 0 23 0 0 9 1 0 0 2 2 12 299 8 0 24 9 0 0 3 0 0 1 5 0 5 1 0 114 4 3 0 3 3 1 0 11 0 41 42 18 1 38 18 10 43 5 0 55 4 12 5 2 8 2 1 4 3 139 0 0 0 0 0 5 10 12 0 4 1 8 2 1 252 15 7 1 0 23 33 6 0 39 4 0 0 18 0
0 3 2 0 4 26 4 0 0 5 0 2 9 31 0 0 9 43 1 0 1 0 84 9 0 0 0 0 5 0 0 0 0 8 271 0 5 7 5 0 0 4 0 0 0 1 0 5 0 0 74 0 0 0 3 1 0 0 34 0 52 49 21 1 34 42 28 32 3 0 51 4 6 4 0 3 0 0 0 4 85 0 0 0 0 2 3 1 1 4 3 5 26 1 6 291 1 4 0 5 20 27 8 0 49 1 3 3 29 0
0 4 4 4 2 35 12 0 0 5 3 4 19 21 0 0 7 44 4 0 0 3 38 2 0 0 0 0 0 0 0 0 0 7 247 0 25 13 1 0 0 4 0 4 0 5 0 3 0 0 78 0 0 0 5 4 0 0 14 1 67 64 23 1 53 24 10 24 9 0 75 6 5 0 0 7 0 1 0 0 91 0 0 0 0 0 7 3 7 0 4 9 6 2 3 287 2 9 2 9 19 52 18 0 46 3 1 0 28 0
0 2 6 3 3 12 10 0 0 4 0 6 24 24 0 0 3 53 3 0 0 2 45 3 5 0 0 0 1 0 0 1 0 8 258 0 19 17 7 0 0 0 0 1 2 6 0 4 0 0 75 1 0 0 7 0 0 0 10 0 66 38 22 1 75 18 0 24 1 0 109 17 4 0 0 0 1 0 2 7 99 0 0 0 0 0 9 1 1 0 7 2 5 0 1 260 6 8 4 3 13 38 5 0 71 2 0 0 27 0
0 2 11 2 0 35 6 1 0 1 0 7 21 18 0 1 5 41 2 0 0 1 61 3 0 0 0 0 0 0 0 1 5 18 269 0 6 12 5 0 0 0 0 0 1 22 0 5 0 0 67 0 0 0 2 1 0 1 4 0 34 42 20 1 55 40 0 34 2 0 90 6 2 0 0 0 2 0 1 6 92 0 0 0 0 1 24 4 3 1 7 3 7 3 1 277 3 19 3 5 27 42 4 0 34 0 0 1 17 0
0 0 6 0 1 20 32 4 0 0 0 4 4 16 0 3 6 24 1 0 0 0 13 2 100 25 3 31 36 1 0 15 1 46 377 1 0 7 7 0 0 2 0 0 2 10 0 2 2 0 31 0 5 1 7 9 0 3 15 1 31 43 16 1 36 10 28 44 0 0 83 1 45 0 0 5 1 0 2 7 53 0 0 0 0 0 10 3 4 0 6 0 23 2 15 236 0 4 0 4 13 23 5 0 46 1 2 16 36 0
0 0 10 2 2 16 13 3 0 10 0 2 14 27 0 1 15 56 7 0 0 5 53 0 27 4 1 15 2 1 0 15 0 14 336 2 1 37 8 0 0 1 0 0 0 12 0 9 0 0 102 0 0 0 4 3 0 1 11 1 36 53 19 1 59 44 0 25 2 0 63 5 19 0 0 3 5 3 5 2 129 0 0 0 0 0 7 5 3 0 10 3 5 4 4 284 3 6 1 1 20 30 12 0 31 3 0 1 33 0
0 0 8 2 1 29 3 0 0 0 0 10 10 12 0 0 1 36 2 0 0 2 59 0 9 6 0 3 0 0 0 0 10 25 370 0 11 12 6 0 0 5 0 0 0 13 0 7 2 0 87 1 0 1 9 1 0 0 11 0 37 39 22 1 49 18 0 35 0 0 64 0 16 2 0 0 3 0 0 4 106 0 0 0 0 0 11 3 1 2 5 0 12 0 6 247 1 4 0 6 35 58 5 0 27 1 1 1 21 0
0 3 6 1 4 25 6 0 0 2 0 6 18 38 0 2 7 59 1 0 0 1 53 0 1 0 0 0 0 0 0 0 0 8 288 0 18 9 4 0 0 3 1 1 4 8 0 3 0 0 89 1 0 0 4 0 0 0 8 0 60 62 24 1 61 28 0 24 6 0 70 0 2 2 0 0 0 1 0 5 106 0 0 0 0 0 21 1 2 0 6 4 16 0 2 297 0 13 0 8 18 51 12 0 19 1 0 4 9 0
0 1 11 0 0 28 6 0 0 0 0 4 4 12 0 1 3 17 1 0 0 1 79 1 1 1 0 0 0 0 0 0 1 29 301 1 3 3 7 0 0 1 1 0 0 9 0 3 0 0 84 1 0 0 4 2 0 0 13 0 28 39 22 1 62 55 0 31 2 0 89 0 5 2 0 0 1 1 0 6 105 0 0 0 0 0 16 3 3 1 4 0 19 0 0 273 3 16 0 4 30 50 2 0 36 0 2 0 10 0
0 3 4 3 1 15 22 6 0 4 0 1 10 18 0 0 10 31 1 0 0 0 20 0 75 13 5 27 17 1 2 3 3 39 339 1 0 7 4 0 0 0 0 0 1 2 0 0 0 0 38 0 1 0 7 8 0 0 27 0 36 50 18 1 29 78 23 55 0 0 98 0 19 0 0 7 0 0 4 1 54 0 0 0 0 1 10 2 0 0 4 0 20 0 30 201 0 0 0 1 8 12 4 0 79 6 2 6 37 0
0 0 8 1 4 28 10 7 0 5 0 11 19 21 0 4 3 40 0 0 0 0 9 1 76 18 7 27 20 1 0 5 0 46 309 3 2 6 12 0 0 1 0 0 0 3 0 2 0 0 30 0 10 0 2 13 1 4 12 0 43 65 17 1 27 24 28 48 2 0 94 5 2 0 0 10 0 0 6 0 55 0 0 0 0 6 6 5 0 0 3 1 20 1 27 233 3 5 1 1 7 11 11 0 60 2 12 8 37 0
0 1 3 0 2 28 6 0 0 11 2 2 18 32 0 0 10 57 5 0 0 2 23 0 7 2 0 0 13 1 7 21 0 18 295 0 12 17 6 0 0 1 0 0 3 14 0 7 0 1 49 0 6 0 4 5 0 2 22 0 20 73 20 1 53 35 0 31 0 4 82 5 40 0 0 7 0 0 6 4 69 0 0 0 0 0 20 3 2 0 3 0 5 1 6 262 10 10 0 10 17 34 9 0 43 4 5 3 23 0
0 0 9 0 2 17 3 0 0 0 0 0 0 10 0 1 1 13 0 0 0 0 48 1 1 1 0 0 11 4 1 0 0 34 257 0 1 7 2 0 0 1 0 0 0 2 0 2 0 0 41 0 1 0 5 3 0 2 13 1 33 38 17 1 49 30 2 34 0 0 39 8 14 3 0 8 0 0 1 6 58 0 0 0 0 0 5 7 0 3 4 11 39 0 3 281 1 1 1 1 14 22 5 0 37 2 0 1 12 0
0 1 8 0 0 16 1 0 0 0 0 0 0 15 0 1 2 19 0 0 0 0 56 2 0 0 0 0 0 0 1 0 3 33 325 0 0 2 1 0 0 1 0 0 0 7 0 5 0 0 53 0 0 0 9 3 0 0 39 0 29 11 21 1 46 21 0 36 0 0 55 0 16 4 0 9 1 0 3 4 70 0 0 0 0 0 10 2 7 0 0 8 8 0 6 213 4 0 7 4 18 28 0 0 40 3 9 1 20 0
0 0 8 0 0 22 4 0 0 0 0 0 0 24 0 0 13 26 0 0 0 0 77 1 0 0 0 0 9 0 0 1 0 4 274 0 0 3 1 0 0 4 1 0 0 4 0 2 0 0 37 1 1 0 3 2 0 0 13 0 42 35 21 1 55 0 0 28 0 0 74 4 11 2 0 0 3 0 1 2 55 0 0 0 0 0 2 2 0 0 1 3 7 0 4 230 4 4 0 2 16 23 5 0 81 1 0 1 17 0
0 0 2 1 0 28 1 0 0 0 0 3 3 13 0 0 2 17 0 0 0 0 22 1 1 0 0 0 0 0 0 0 0 26 190 0 1 6 6 1 0 1 0 0 2 6 0 1 0 0 41 0 0 1 3 0 0 0 18 0 32 58 23 1 27 92 0 37 9 0 71 9 0 1 9 15 0 0 1 0 47 0 0 0 0 0 15 3 1 1 7 3 13 0 9 226 11 6 0 3 6 29 15 0 82 6 6 21 45 0
0 0 16 0 2 15 11 0 0 0 0 7 8 24 1 1 5 34 0 0 0 0 34 3 8 2 5 1 21 18 0 0 0 25 361 1 4 7 3 0 0 5 0 0 2 7 0 2 0 0 83 0 1 0 5 4 0 0 13 0 54 62 22 1 1995 17 6 1 0 0 73 3 4 0 1 8 0 1 0 0 101 0 0 0 0 0 7 1 0 2 5 6 14 1 9 241 2 1 0 1 23 41 12 0 34 7 8 16 54 0
0 0 3 2 0 9 0 0 0 0 0 0 0 5 0 1 1 6 0 0 0 0 35 2 0 0 0 0 0 0 0 0 0 55 282 0 0 0 0 0 0 0 0 0 1 2 0 3 0 0 33 0 0 0 6 0 0 0 50 0 32 25 30 2 110 72 6 23 0 2 67 6 9 0 2 1 0 0 5 0 75 0 0 0 0 0 6 1 0 3 6 3 18 0 11 196 3 0 0 5 29 38 5 0 239 0 3 0 9 0
0 0 0 1 1 28 2 0 0 1 0 0 1 12 0 0 3 14 0 0 0 0 30 0 1 0 0 0 1 0 0 0 0 48 220 0 1 7 9 0 0 0 0 0 0 2 0 5 2 0 54 0 0 1 0 1 0 1 12 0 13 27 25 2 47 72 0 26 8 0 57 4 2 0 2 24 0 0 3 0 99 0 0 0 0 0 5 3 0 0 3 3 13 0 15 236 5 3 0 3 24 34 5 0 49 3 0 1 23 0
0 0 5 0 7 56 15 0 0 0 0 0 2 21 0 0 1 29 0 0 0 0 23 1 0 0 0 0 1 0 0 0 0 10 297 1 0 16 7 0 0 4 2 0 0 5 0 5 0 0 71 1 0 0 2 0 0 0 8 0 32 34 21 1 76 27 0 23 0 0 55 3 6 4 0 2 0 0 4 2 83 0 0 0 0 0 11 1 0 1 1 5 8 2 3 178 9 7 1 2 20 33 1 0 60 3 2 6 38 0
0 0 10 2 1 33 7 0 0 5 0 4 9 18 0 0 4 33 0 0 0 0 34 0 0 0 0 0 0 0 0 0 2 37 214 1 2 10 5 0 0 4 0 0 0 11 0 1 0 0 56 0 1 0 4 3 0 0 16 0 74 95 23 1 30 58 6 31 14 0 75 0 0 0 1 12 2 0 0 1 73 0 0 0 0 1 8 6 0 2 11 3 17 2 3 279 12 6 4 2 12 34 10 0 75 10 2 33 52 0
0 0 3 0 3 16 0 0 0 0 0 0 2 6 0 1 0 10 0 0 0 0 44 0 2 1 0 0 4 0 0 0 1 48 310 2 4 1 0 0 0 1 0 0 0 3 0 1 0 0 48 0 0 0 5 1 0 0 51 0 28 20 23 1 54 18 11 32 0 2 76 1 14 0 0 4 0 2 1 0 73 0 0 0 0 0 4 3 0 4 7 5 19 0 5 251 0 1 0 0 33 41 6 0 122 0 1 1 3 0
0 1 3 0 0 21 6 1 0 0 0 0 5 11 0 3 1 17 0 0 0 0 41 2 5 1 1 2 1 0 0 0 1 7 320 0 1 3 4 0 0 3 0 0 0 5 0 8 0 0 66 1 1 0 5 1 0 0 12 0 49 36 21 1 42 35 0 17 0 9 93 4 0 0 0 0 0 2 2 0 76 0 0 0 0 0 8 3 1 0 1 5 11 0 13 219 36 5 0 3 24 40 5 0 74 1 18 1 29 0
0 0 0 0 4 8 8 0 0 0 0 0 2 15 0 0 3 26 0 0 0 0 39 0 1 0 0 1 0 0 0 0 0 5 361 0 0 18 5 0 0 4 0 0 0 14 0 6 1 0 60 0 0 0 4 1 0 0 12 0 38 37 25 1 26 22 0 36 0 23 78 8 0 0 0 0 2 0 2 2 66 0 0 0 0 0 9 2 8 1 3 1 5 0 9 243 6 4 19 2 23 48 6 0 39 7 4 8 29 0
0 0 12 0 1 25 7 0 0 4 0 1 5 16 0 1 4 26 1 0 0 1 77 0 16 1 0 1 13 1 1 0 0 5 316 1 1 9 4 0 0 1 0 0 0 9 0 4 0 0 79 0 1 0 7 0 0 0 9 1 34 38 21 1 41 24 0 27 0 14 68 1 0 0 0 0 0 0 3 3 119 0 0 0 0 0 7 3 0 1 6 5 50 1 4 289 1 4 5 6 46 63 4 0 52 3 3 0 10 0
0 0 8 0 0 17 5 0 0 0 0 1 4 16 0 0 1 22 0 0 0 0 86 0 1 1 0 0 3 0 0 0 1 4 318 0 6 14 3 0 0 4 0 0 0 7 0 9 1 0 88 0 0 0 3 1 0 0 12 0 35 29 24 1 40 18 0 31 0 11 86 4 0 0 0 0 2 0 1 1 100 0 0 0 0 0 13 2 6 4 3 4 11 0 6 302 6 7 32 3 28 48 5 0 22 3 0 1 7 0
0 0 0 0 0 21 0 0 0 7 0 0 7 7 0 2 2 15 0 0 0 0 4 0 1 0 0 0 1 0 0 0 0 11 81 0 2 15 5 0 0 2 0 0 0 9 0 2 0 0 48 0 0 0 2 0 0 0 12 0 20 17 25 1 15 189 0 26 56 1 110 8 0 0 0 12 2 0 2 0 55 0 0 0 0 0 10 0 0 0 16 1 3 0 7 127 3 2 0 0 3 21 2 0 71 2 1 0 6 0
0 0 3 0 0 16 3 0 0 0 0 0 4 25 0 7 6 33 0 0 0 0 42 2 1 0 0 0 0 0 1 0 0 6 294 0 2 18 9 0 0 3 0 0 0 4 0 12 0 0 84 1 0 0 1 2 0 0 20 1 42 43 23 1 72 36 0 20 0 2 106 7 0 0 0 0 1 0 6 0 95 0 0 0 0 1 11 0 2 0 12 7 7 0 6 235 28 6 2 0 22 41 3 0 31 0 22 1 35 0
0 1 12 0 0 13 0 0 0 1 0 0 1 23 0 0 3 33 0 0 0 0 80 0 4 1 0 0 2 0 0 0 1 11 408 0 0 9 4 0 0 7 2 0 3 5 0 1 0 0 75 0 0 0 9 0 1 0 27 0 36 51 27 1 44 16 0 24 0 9 64 1 0 0 0 0 0 0 1 3 92 0 0 0 0 1 4 3 2 2 11 5 3 0 2 266 0 3 0 1 19 40 2 0 60 0 0 2 26 0
0 0 11 0 1 14 1 0 0 3 0 2 5 14 0 1 6 23 0 0 0 0 63 0 11 1 1 1 18 0 1 0 0 19 325 0 0 12 3 0 0 1 1 0 0 11 0 8 2 0 79 0 2 1 7 0 0 0 6 0 35 33 23 1 48 23 0 19 1 14 87 4 0 0 0 0 0 0 4 3 124 0 0 0 0 0 7 1 2 0 1 2 64 0 9 287 1 7 1 5 30 44 6 0 61 0 6 2 15 0
0 0 0 0 0 23 2 0 0 6 0 0 6 10 0 0 1 17 0 0 0 0 3 0 2 0 1 0 0 0 0 0 0 35 90 0 0 21 9 0 0 2 0 0 0 2 0 0 0 0 52 0 0 1 0 3 0 0 24 0 25 26 26 1 15 147 0 22 49 2 97 2 0 0 0 21 1 0 2 0 60 0 0 0 0 0 0 3 1 0 1 0 2 3 1 107 1 1 0 1 8 31 3 0 65 1 0 0 7 0
0 0 2 0 0 13 3 0 0 0 0 0 0 3 0 0 1 3 0 0 0 0 32 1 6 5 0 0 0 0 0 0 0 32 374 0 0 1 1 0 0 1 0 0 0 3 0 0 0 0 22 0 0 0 14 0 0 0 3 0 42 23 28 1 16 32 0 17 0 0 59 4 11 0 1 9 1 0 1 0 33 0 0 0 0 0 2 2 0 1 0 0 21 0 10 165 1 1 0 1 31 34 3 0 165 0 4 3 38 0
0 0 1 0 1 12 6 0 0 0 0 0 0 4 0 0 0 4 0 0 0 0 70 2 2 0 0 2 5 0 0 0 0 9 184 0 0 0 0 0 0 0 0 0 0 3 0 0 0 0 30 0 5 0 1 0 0 0 6 1 19 24 13 1 55 12 0 15 4 0 41 6 4 5 0 3 2 1 2 2 43 0 0 0 0 0 6 2 2 0 1 7 5 0 0 170 0 0 1 1 13 19 2 0 15 0 2 1 11 0
0 0 1 0 2 30 0 0 0 0 0 0 1 3 0 0 0 8 0 0 0 0 71 5 0 0 0 0 0 0 0 0 0 30 306 0 0 3 2 0 0 5 0 0 0 0 0 0 0 0 25 0 0 0 3 1 0 0 17 0 32 32 23 1 28 23 0 18 0 0 68 5 10 2 2 4 0 0 0 1 27 0 0 0 0 0 1 0 0 0 1 3 15 0 11 253 0 2 0 0 18 26 11 0 45 1 0 1 18 0
0 0 0 0 1 20 0 0 0 0 0 0 0 3 0 0 0 3 0 0 0 0 36 1 14 8 4 0 1 0 0 0 0 31 197 0 0 2 1 0 0 0 0 0 0 3 0 0 0 0 35 0 0 0 3 1 0 0 3 0 34 19 17 1 21 7 0 16 0 0 47 0 0 13 0 0 0 0 0 2 37 0 0 0 0 0 3 1 8 0 1 5 4 0 7 156 3 3 1 0 11 20 3 0 44 1 1 0 6 0
0 0 0 0 2 24 1 1 0 0 0 0 0 7 0 0 1 8 0 0 0 0 74 3 4 2 1 0 3 0 0 0 0 24 313 0 0 2 5 0 0 0 0 0 0 3 0 0 0 0 46 0 0 0 2 1 0 0 11 0 40 21 19 1 45 22 2 30 0 0 53 6 25 0 4 1 0 0 7 5 58 0 0 0 0 0 3 7 3 0 0 5 15 0 8 237 15 4 6 0 35 42 0 0 21 1 3 1 21 0
0 2 5 0 0 44 4 0 0 0 0 0 0 10 0 0 1 12 1 0 0 1 37 2 26 15 1 0 15 0 0 0 0 31 318 0 1 3 0 0 0 1 0 0 2 1 0 1 0 0 36 0 0 0 9 0 0 0 2 0 57 60 19 1 99 10 6 14 1 0 77 7 8 3 0 8 4 0 1 0 48 0 0 0 0 0 9 3 1 1 8 3 13 0 23 241 2 3 4 1 15 31 11 0 27 0 5 2 30 0
0 0 2 0 1 29 1 1 0 0 0 0 0 8 0 0 1 10 0 0 0 0 65 1 7 3 0 2 11 3 0 1 1 16 303 0 0 0 1 0 0 0 0 0 0 0 0 2 0 0 27 0 0 0 8 2 0 0 11 0 41 39 22 1 47 38 0 16 0 0 46 7 33 3 18 24 0 0 1 1 32 0 0 0 0 0 3 0 0 0 4 16 17 1 15 256 4 1 0 1 23 27 14 0 116 0 6 4 36 0
0 0 10 0 4 19 1 0 0 0 0 0 0 14 0 1 2 17 0 0 0 0 39 1 2 1 0 0 4 2 0 0 0 11 301 0 1 0 2 0 0 1 0 0 0 6 0 5 0 0 24 0 0 0 10 1 0 0 24 0 55 39 18 1 25 2 4 46 2 0 57 6 8 0 4 0 0 1 3 1 40 0 0 0 0 0 5 1 0 3 4 6 17 0 13 216 5 3 0 2 18 31 5 0 34 1 0 4 17 0
0 0 15 0 0 29 5 0 0 0 0 3 6 27 0 0 6 35 0 0 0 0 63 1 1 0 0 1 3 0 0 1 1 16 284 0 4 13 6 0 0 6 1 0 4 2 0 1 0 0 84 0 0 0 10 1 0 2 22 0 43 44 22 1 63 32 4 31 1 0 79 5 12 0 0 1 0 0 0 8 107 0 0 0 0 1 15 0 0 1 1 8 35 0 6 286 6 20 2 3 22 42 3 0 45 5 0 5 23 0
0 0 0 0 0 29 19 0 0 0 0 0 0 8 0 0 2 10 0 0 0 0 72 2 8 5 1 0 2 1 1 0 2 30 332 0 1 1 8 0 0 1 0 0 0 6 0 1 0 0 33 0 0 0 7 1 0 1 17 0 63 24 22 1 55 66 0 31 2 0 72 19 11 3 3 16 0 0 1 0 34 0 0 0 0 0 1 1 0 3 2 4 23 0 6 228 2 1 0 3 16 27 3 0 49 0 9 6 33 0
0 10 4 0 2 26 1 0 0 8 0 1 9 10 0 1 3 19 0 0 0 0 39 1 3 1 2 0 0 0 0 0 0 38 371 0 0 1 2 0 0 1 0 0 0 3 0 1 0 0 59 0 0 0 4 14 0 0 11 0 52 21 26 1 67 42 0 27 0 0 53 6 21 0 0 0 1 0 2 2 78 0 0 0 0 0 18 12 0 0 7 1 9 0 10 266 5 4 0 13 38 51 1 0 14 0 0 0 1 0
0 0 12 0 0 18 2 1 0 24 0 0 24 14 0 1 3 40 0 0 0 0 73 5 2 0 0 0 1 0 0 0 1 4 312 0 0 10 8 0 0 5 0 0 1 2 0 3 1 0 81 0 0 0 7 0 0 2 6 1 74 48 23 1 51 10 2 35 0 0 83 0 32 0 0 0 3 0 3 9 109 0 0 0 0 0 8 2 2 1 3 5 16 0 5 275 5 5 2 2 33 44 6 0 19 1 0 0 5 0
0 0 1 0 2 17 2 0 0 1 0 0 1 17 0 1 0 18 0 0 0 0 59 0 12 7 0 0 7 0 0 1 0 12 297 0 0 1 5 0 0 1 0 0 0 2 0 2 1 0 33 0 0 1 2 6 0 8 17 0 29 31 25 1 35 58 0 21 0 0 84 8 9 1 0 0 0 1 0 7 43 0 0 0 0 0 2 1 0 7 1 1 8 0 8 196 19 7 0 2 16 27 7 0 98 0 0 0 24 0
0 1 0 0 1 14 1 0 0 0 0 0 0 11 0 0 0 12 1 0 0 1 58 0 6 0 1 2 1 0 0 0 2 20 235 0 0 4 1 0 0 2 1 0 0 1 0 2 1 0 49 0 1 0 4 5 0 1 9 0 62 56 21 2 21 24 2 16 0 0 82 29 36 0 5 18 0 0 0 5 83 0 0 0 0 0 7 2 0 4 1 1 10 0 6 214 2 9 1 5 17 25 11 0 156 1 3 0 12 0
0 4 4 0 2 38 7 0 0 6 0 0 6 11 0 1 3 17 0 0 0 0 27 0 6 4 0 1 4 1 0 1 1 26 324 0 1 8 7 0 0 3 1 0 1 1 0 5 0 0 46 0 0 0 8 3 0 0 21 0 32 31 21 1 42 59 0 27 0 0 57 1 33 0 0 0 0 0 1 6 61 0 0 0 0 0 12 2 0 1 2 1 9 1 4 198 4 4 0 5 19 32 7 0 78 3 0 1 15 0
0 3 5 0 0 23 3 0 0 1 0 0 1 17 0 0 0 18 0 0 0 0 74 2 0 0 0 0 9 0 0 0 4 25 315 0 0 8 6 0 0 2 1 0 2 3 0 6 0 0 76 0 0 0 3 5 0 0 14 1 47 43 26 1 56 30 0 37 0 0 61 5 1 0 0 0 1 0 0 3 88 0 0 0 0 0 20 22 0 2 1 2 13 0 2 300 0 6 0 2 34 54 7 0 26 2 0 3 11 0
0 1 8 0 5 19 2 0 0 1 0 1 3 5 0 0 2 9 0 0 0 0 52 1 2 0 0 2 3 1 0 0 0 49 297 0 2 13 4 0 0 2 0 0 0 2 0 0 0 0 60 0 0 0 4 9 0 0 21 0 39 27 23 1 58 44 0 35 0 0 60 8 16 0 0 0 1 0 0 3 74 0 0 0 0 0 10 1 0 1 1 1 7 0 2 233 2 2 0 1 25 43 3 0 48 0 1 1 16 0
0 5 13 0 0 44 2 0 0 0 0 1 1 13 0 1 4 14 0 0 0 0 47 2 7 4 0 0 4 1 0 2 4 18 277 0 3 3 9 0 0 0 0 0 1 2 0 0 0 0 75 0 0 0 5 0 0 0 14 0 28 30 22 1 59 94 0 33 1 0 58 5 20 0 3 4 3 0 0 4 100 0 0 0 0 0 6 1 0 0 2 4 5 0 8 233 6 10 0 7 27 41 2 0 67 2 1 0 11 0
0 5 3 0 3 18 4 0 0 4 0 0 4 7 0 1 2 11 0 0 0 0 40 0 14 9 0 2 0 0 0 0 1 31 291 0 1 2 2 0 0 4 0 0 0 6 0 1 0 0 49 0 0 0 9 0 0 0 9 0 48 43 23 1 32 60 0 27 0 0 54 4 32 0 2 1 0 0 3 5 65 0 0 0 0 0 4 0 0 1 1 1 13 0 11 183 3 15 0 11 20 33 6 0 74 0 1 1 14 0
0 0 5 0 8 21 4 1 0 0 0 2 3 9 0 1 2 13 0 0 0 0 23 0 10 5 1 4 9 1 0 4 2 43 312 0 1 5 3 0 0 1 0 0 0 4 0 5 0 0 70 0 9 0 4 6 1 0 12 0 60 36 15 1 51 8 16 25 1 0 71 2 27 0 0 1 1 0 3 4 93 0 0 0 0 0 5 2 2 1 8 0 14 0 7 184 2 9 0 8 18 29 2 0 22 1 2 0 15 0
0 1 7 2 1 23 18 6 0 1 0 2 6 12 0 2 1 21 1 0 0 0 21 0 19 3 4 1 4 0 0 1 0 43 303 4 0 12 10 0 0 3 0 0 0 3 0 2 1 0 53 0 11 0 2 10 1 0 7 0 76 54 16 1 28 42 73 43 4 0 81 0 22 0 2 0 0 1 1 4 80 0 0 0 0 3 1 1 6 0 12 3 15 1 16 226 3 6 0 3 11 21 6 0 23 2 3 3 10 0
0 1 9 0 3 22 12 3 0 2 0 11 15 13 0 2 4 32 3 0 1 2 18 2 32 4 2 7 14 1 0 3 3 50 320 3 2 12 6 0 0 4 0 0 0 5 0 4 0 0 58 0 6 1 3 3 2 5 15 1 50 84 15 1 31 16 37 47 3 0 91 1 13 1 0 0 6 1 1 2 85 0 0 0 0 0 11 0 2 1 18 2 29 5 12 254 1 6 3 0 18 34 11 0 28 6 3 1 16 0
0 4 9 0 4 19 1 0 0 0 0 5 6 13 0 0 2 20 0 0 0 0 35 2 5 2 0 1 25 7 0 12 3 9 362 0 0 4 4 0 0 1 0 0 0 0 0 6 0 0 60 0 2 0 6 1 0 0 18 0 54 24 16 1 49 10 26 28 2 0 51 1 32 0 2 4 2 0 2 6 85 0 0 0 0 0 3 2 0 0 3 0 11 3 5 162 0 2 0 5 29 37 1 0 14 0 6 0 12 0
0 1 8 0 4 25 18 0 0 4 0 10 15 16 0 2 7 40 1 0 0 0 89 2 18 0 0 17 6 0 0 3 30 0 313 3 1 41 6 0 0 1 3 0 1 9 0 0 0 1 103 0 1 0 1 0 0 0 16 0 37 69 22 1 43 0 0 43 1 0 82 4 7 0 0 0 3 1 1 3 121 0 0 0 0 0 0 5 1 0 0 0 21 3 0 274 7 10 4 1 37 55 11 0 44 3 7 0 24 0
0 3 6 0 0 14 8 2 0 2 0 1 8 21 0 1 9 31 0 0 0 0 28 11 2 0 1 0 1 0 0 2 3 13 348 1 2 31 3 0 0 4 0 0 0 11 0 15 0 0 95 0 9 0 8 5 0 2 6 1 72 74 20 1 97 0 0 19 0 0 108 2 21 1 0 0 0 0 0 1 114 0 0 0 0 1 1 8 5 1 3 0 18 12 5 277 2 7 6 0 35 56 4 0 26 1 1 2 15 1
0 2 11 0 1 14 1 1 0 4 1 51 62 17 1 0 9 84 4 0 0 2 24 7 34 1 2 31 1 0 0 2 1 23 241 6 3 18 3 0 1 3 0 0 2 11 0 2 0 0 88 0 0 0 11 2 1 2 5 1 53 65 16 1 41 8 18 36 4 0 103 3 6 5 2 5 0 4 3 0 109 0 0 0 0 2 10 4 4 2 8 3 33 7 11 322 3 15 2 0 22 46 12 0 9 5 0 1 5 0
0 1 5 1 2 20 7 0 0 4 0 3 10 28 0 2 6 43 4 0 0 0 73 3 8 0 0 8 2 0 0 0 16 6 310 6 0 26 9 0 0 2 0 1 0 4 0 6 0 0 117 1 1 0 3 0 0 0 11 1 42 81 20 1 43 2 0 41 0 0 81 1 20 0 0 0 4 0 0 1 131 0 0 0 0 1 13 1 5 4 8 5 6 3 1 252 3 7 1 2 41 65 7 0 23 7 2 0 9 0
0 6 4 1 2 21 13 2 0 2 0 8 10 14 0 0 7 32 0 0 0 0 18 2 18 3 1 0 15 0 0 13 0 35 350 0 0 15 4 0 0 4 0 0 1 5 0 2 0 0 62 1 22 0 4 5 1 3 4 1 45 47 17 1 30 40 26 43 6 1 102 3 7 0 0 1 3 0 1 1 102 0 0 0 0 7 3 3 2 0 4 1 13 4 32 219 2 4 5 2 37 53 6 0 15 0 1 3 12 0
0 2 5 1 11 19 4 0 0 5 0 18 27 22 0 2 9 60 5 0 0 4 64 0 23 0 0 9 1 0 0 2 2 12 299 8 0 24 9 0 0 3 0 0 1 5 0 5 1 0 114 4 3 0 3 3 1 0 11 0 41 42 18 1 38 18 10 43 5 0 55 4 12 5 2 8 2 1 4 3 139 0 0 0 0 0 5 10 12 0 4 1 8 2 1 252 15 7 1 0 23 33 6 0 39 4 0 0 18 0
0 3 2 0 4 26 4 0 0 5 0 2 9 31 0 0 9 43 1 0 1 0 84 9 0 0 0 0 5 0 0 0 0 8 271 0 5 7 5 0 0 4 0 0 0 1 0 5 0 0 74 0 0 0 3 1 0 0 34 0 52 49 21 1 34 42 28 32 3 0 51 4 6 4 0 3 0 0 0 4 85 0 0 0 0 2 3 1 1 4 3 5 26 1 6 291 1 4 0 5 20 27 8 0 49 1 3 3 29 0
0 4 4 4 2 35 12 0 0 5 3 4 19 21 0 0 7 44 4 0 0 3 38 2 0 0 0 0 0 0 0 0 0 7 247 0 25 13 1 0 0 4 0 4 0 5 0 3 0 0 78 0 0 0 5 4 0 0 14 1 67 64 23 1 53 24 10 24 9 0 75 6 5 0 0 7 0 1 0 0 91 0 0 0 0 0 7 3 7 0 4 9 6 2 3 287 2 9 2 9 19 52 18 0 46 3 1 0 28 0
0 2 6 3 3 12 10 0 0 4 0 6 24 24 0 0 3 53 3 0 0 2 45 3 5 0 0 0 1 0 0 1 0 8 258 0 19 17 7 0 0 0 0 1 2 6 0 4 0 0 75 1 0 0 7 0 0 0 10 0 66 38 22 1 75 18 0 24 1 0 109 17 4 0 0 0 1 0 2 7 99 0 0 0 0 0 9 1 1 0 7 2 5 0 1 260 6 8 4 3 13 38 5 0 71 2 0 0 27 0
0 2 11 2 0 35 6 1 0 1 0 7 21 18 0 1 5 41 2 0 0 1 61 3 0 0 0 0 0 0 0 1 5 18 269 0 6 12 5 0 0 0 0 0 1 22 0 5 0 0 67 0 0 0 2 1 0 1 4 0 34 42 20 1 55 40 0 34 2 0 90 6 2 0 0 0 2 0 1 6 92 0 0 0 0 1 24 4 3 1 7 3 7 3 1 277 3 19 3 5 27 42 4 0 34 0 0 1 17 0
0 0 6 0 1 20 32 4 0 0 0 4 4 16 0 3 6 24 1 0 0 0 13 2 100 25 3 31 36 1 0 15 1 46 377 1 0 7 7 0 0 2 0 0 2 10 0 2 2 0 31 0 5 1 7 9 0 3 15 1 31 43 16 1 36 10 28 44 0 0 83 1 45 0 0 5 1 0 2 7 53 0 0 0 0 0 10 3 4 0 6 0 23 2 15 236 0 4 0 4 13 23 5 0 46 1 2 16 36 0
0 0 10 2 2 16 13 3 0 10 0 2 14 27 0 1 15 56 7 0 0 5 53 0 27 4 1 15 2 1 0 15 0 14 336 2 1 37 8 0 0 1 0 0 0 12 0 9 0 0 102 0 0 0 4 3 0 1 11 1 36 53 19 1 59 44 0 25 2 0 63 5 19 0 0 3 5 3 5 2 129 0 0 0 0 0 7 5 3 0 10 3 5 4 4 284 3 6 1 1 20 30 12 0 31 3 0 1 33 0
0 0 8 2 1 29 3 0 0 0 0 10 10 12 0 0 1 36 2 0 0 2 59 0 9 6 0 3 0 0 0 0 10 25 370 0 11 12 6 0 0 5 0 0 0 13 0 7 2 0 87 1 0 1 9 1 0 0 11 0 37 39 22 1 49 18 0 35 0 0 64 0 16 2 0 0 3 0 0 4 106 0 0 0 0 0 11 3 1 2 5 0 12 0 6 247 1 4 0 6 35 58 5 0 27 1 1 1 21 0
0 3 6 1 4 25 6 0 0 2 0 6 18 38 0 2 7 59 1 0 0 1 53 0 1 0 0 0 0 0 0 0 0 8 288 0 18 9 4 0 0 3 1 1 4 8 0 3 0 0 89 1 0 0 4 0 0 0 8 0 60 62 24 1 61 28 0 24 6 0 70 0 2 2 0 0 0 1 0 5 106 0 0 0 0 0 21 1 2 0 6 4 16 0 2 297 0 13 0 8 18 51 12 0 19 1 0 4 9 0
0 1 11 0 0 28 6 0 0 0 0 4 4 12 0 1 3 17 1 0 0 1 79 1 1 1 0 0 0 0 0 0 1 29 301 1 3 3 7 0 0 1 1 0 0 9 0 3 0 0 84 1 0 0 4 2 0 0 13 0 28 39 22 1 62 55 0 31 2 0 89 0 5 2 0 0 1 1 0 6 105 0 0 0 0 0 16 3 3 1 4 0 19 0 0 273 3 16 0 4 30 50 2 0 36 0 2 0 10 0
0 3 4 3 1 15 22 6 0 4 0 1 10 18 0 0 10 31 1 0 0 0 20 0 75 13 5 27 17 1 2 3 3 39 339 1 0 7 4 0 0 0 0 0 1 2 0 0 0 0 38 0 1 0 7 8 0 0 27 0 36 50 18 1 29 78 23 55 0 0 98 0 19 0 0 7 0 0 4 1 54 0 0 0 0 1 10 2 0 0 4 0 20 0 30 201 0 0 0 1 8 12 4 0 79 6 2 6 37 0
0 0 8 1 4 28 10 7 0 5 0 11 19 21 0 4 3 40 0 0 0 0 9 1 76 18 7 27 20 1 0 5 0 46 309 3 2 6 12 0 0 1 0 0 0 3 0 2 0 0 30 0 10 0 2 13 1 4 12 0 43 65 17 1 27 24 28 48 2 0 94 5 2 0 0 10 0 0 6 0 55 0 0 0 0 6 6 5 0 0 3 1 20 1 27 233 3 5 1 1 7 11 11 0 60 2 12 8 37 0
0 1 3 0 2 28 6 0 0 11 2 2 18 32 0 0 10 57 5 0 0 2 23 0 7 2 0 0 13 1 7 21 0 18 295 0 12 17 6 0 0 1 0 0 3 14 0 7 0 1 49 0 6 0 4 5 0 2 22 0 20 73 20 1 53 35 0 31 0 4 82 5 40 0 0 7 0 0 6 4 69 0 0 0 0 0 20 3 2 0 3 0 5 1 6 262 10 10 0 10 17 34 9 0 43 4 5 3 23 0
0 0 9 0 2 17 3 0 0 0 0 0 0 10 0 1 1 13 0 0 0 0 48 1 1 1 0 0 11 4 1 0 0 34 257 0 1 7 2 0 0 1 0 0 0 2 0 2 0 0 41 0 1 0 5 3 0 2 13 1 33 38 17 1 49 30 2 34 0 0 39 8 14 3 0 8 0 0 1 6 58 0 0 0 0 0 5 7 0 3 4 11 39 0 3 281 1 1 1 1 14 22 5 0 37 2 0 1 12 0
0 1 8 0 0 16 1 0 0 0 0 0 0 15 0 1 2 19 0 0 0 0 56 2 0 0 0 0 0 0 1 0 3 33 325 0 0 2 1 0 0 1 0 0 0 7 0 5 0 0 53 0 0 0 9 3 0 0 39 0 29 11 21 1 46 21 0 36 0 0 55 0 16 4 0 9 1 0 3 4 70 0 0 0 0 0 10 2 7 0 0 8 8 0 6 213 4 0 7 4 18 28 0 0 40 3 9 1 20 0
0 0 8 0 0 22 4 0 0 0 0 0 0 24 0 0 13 26 0 0 0 0 77 1 0 0 0 0 9 0 0 1 0 4 274 0 0 3 1 0 0 4 1 0 0 4 0 2 0 0 37 1 1 0 3 2 0 0 13 0 42 35 21 1 55 0 0 28 0 0 74 4 11 2 0 0 3 0 1 2 55 0 0 0 0 0 2 2 0 0 1 3 7 0 4 230 4 4 0 2 16 23 5 0 81 1 0 1 17 0
0 0 2 1 0 28 1 0 0 0 0 3 3 13 0 0 2 17 0 0 0 0 22 1 1 0 0 0 0 0 0 0 0 26 190 0 1 6 6 1 0 1 0 0 2 6 0 1 0 0 41 0 0 1 3 0 0 0 18 0 32 58 23 1 27 92 0 37 9 0 71 9 0 1 9 15 0 0 1 0 47 0 0 0 0 0 15 3 1 1 7 3 13 0 9 226 11 6 0 3 6 29 15 0 82 6 6 21 45 0
0 0 16 0 2 15 11 0 0 0 0 7 8 24 1 1 5 34 0 0 0 0 34 3 8 2 5 1 21 18 0 0 0 25 361 1 4 7 3 0 0 5 0 0 2 7 0 2 0 0 83 0 1 0 5 4 0 0 13 0 54 62 22 1 1995 17 6 1 0 0 73 3 4 0 1 8 0 1 0 0 101 0 0 0 0 0 7 1 0 2 5 6 14 1 9 241 2 1 0 1 23 41 12 0 34 7 8 16 54 0
0 0 3 2 0 9 0 0 0 0 0 0 0 5 0 1 1 6 0 0 0 0 35 2 0 0 0 0 0 0 0 0 0 55 282 0 0 0 0 0 0 0 0 0 1 2 0 3 0 0 33 0 0 0 6 0 0 0 50 0 32 25 30 2 110 72 6 23 0 2 67 6 9 0 2 1 0 0 5 0 75 0 0 0 0 0 6 1 0 3 6 3 18 0 11 196 3 0 0 5 29 38 5 0 239 0 3 0 9 0
0 0 0 1 1 28 2 0 0 1 0 0 1 12 0 0 3 14 0 0 0 0 30 0 1 0 0 0 1 0 0 0 0 48 220 0 1 7 9 0 0 0 0 0 0 2 0 5 2 0 54 0 0 1 0 1 0 1 12 0 13 27 25 2 47 72 0 26 8 0 57 4 2 0 2 24 0 0 3 0 99 0 0 0 0 0 5 3 0 0 3 3 13 0 15 236 5 3 0 3 24 34 5 0 49 3 0 1 23 0
0 0 5 0 7 56 15 0 0 0 0 0 2 21 0 0 1 29 0 0 0 0 23 1 0 0 0 0 1 0 0 0 0 10 297 1 0 16 7 0 0 4 2 0 0 5 0 5 0 0 71 1 0 0 2 0 0 0 8 0 32 34 21 1 76 27 0 23 0 0 55 3 6 4 0 2 0 0 4 2 83 0 0 0 0 0 11 1 0 1 1 5 8 2 3 178 9 7 1 2 20 33 1 0 60 3 2 6 38 0
0 0 10 2 1 33 7 0 0 5 0 4 9 18 0 0 4 33 0 0 0 0 34 0 0 0 0 0 0 0 0 0 2 37 214 1 2 10 5 0 0 4 0 0 0 11 0 1 0 0 56 0 1 0 4 3 0 0 16 0 74 95 23 1 30 58 6 31 14 0 75 0 0 0 1 12 2 0 0 1 73 0 0 0 0 1 8 6 0 2 11 3 17 2 3 279 12 6 4 2 12 34 10 0 75 10 2 33 52 0
0 0 3 0 3 16 0 0 0 0 0 0 2 6 0 1 0 10 0 0 0 0 44 0 2 1 0 0 4 0 0 0 1 48 310 2 4 1 0 0 0 1 0 0 0 3 0 1 0 0 48 0 0 0 5 1 0 0 51 0 28 20 23 1 54 18 11 32 0 2 76 1 14 0 0 4 0 2 1 0 73 0 0 0 0 0 4 3 0 4 7 5 19 0 5 251 0 1 0 0 33 41 6 0 122 0 1 1 3 0
0 1 3 0 0 21 6 1 0 0 0 0 5 11 0 3 1 17 0 0 0 0 41 2 5 1 1 2 1 0 0 0 1 7 320 0 1 3 4 0 0 3 0 0 0 5 0 8 0 0 66 1 1 0 5 1 0 0 12 0 49 36 21 1 42 35 0 17 0 9 93 4 0 0 0 0 0 2 2 0 76 0 0 0 0 0 8 3 1 0 1 5 11 0 13 219 36 5 0 3 24 40 5 0 74 1 18 1 29 0
0 0 0 0 4 8 8 0 0 0 0 0 2 15 0 0 3 26 0 0 0 0 39 0 1 0 0 1 0 0 0 0 0 5 361 0 0 18 5 0 0 4 0 0 0 14 0 6 1 0 60 0 0 0 4 1 0 0 12 0 38 37 25 1 26 22 0 36 0 23 78 8 0 0 0 0 2 0 2 2 66 0 0 0 0 0 9 2 8 1 3 1 5 0 9 243 6 4 19 2 23 48 6 0 39 7 4 8 29 0
0 0 12 0 1 25 7 0 0 4 0 1 5 16 0 1 4 26 1 0 0 1 77 0 16 1 0 1 13 1 1 0 0 5 316 1 1 9 4 0 0 1 0 0 0 9 0 4 0 0 79 0 1 0 7 0 0 0 9 1 34 38 21 1 41 24 0 27 0 14 68 1 0 0 0 0 0 0 3 3 119 0 0 0 0 0 7 3 0 1 6 5 50 1 4 289 1 4 5 6 46 63 4 0 52 3 3 0 10 0
0 0 8 0 0 17 5 0 0 0 0 1 4 16 0 0 1 22 0 0 0 0 86 0 1 1 0 0 3 0 0 0 1 4 318 0 6 14 3 0 0 4 0 0 0 7 0 9 1 0 88 0 0 0 3 1 0 0 12 0 35 29 24 1 40 18 0 31 0 11 86 4 0 0 0 0 2 0 1 1 100 0 0 0 0 0 13 2 6 4 3 4 11 0 6 302 6 7 32 3 28 48 5 0 22 3 0 1 7 0
0 0 0 0 0 21 0 0 0 7 0 0 7 7 0 2 2 15 0 0 0 0 4 0 1 0 0 0 1 0 0 0 0 11 81 0 2 15 5 0 0 2 0 0 0 9 0 2 0 0 48 0 0 0 2 0 0 0 12 0 20 17 25 1 15 189 0 26 56 1 110 8 0 0 0 12 2 0 2 0 55 0 0 0 0 0 10 0 0 0 16 1 3 0 7 127 3 2 0 0 3 21 2 0 71 2 1 0 6 0
0 0 3 0 0 16 3 0 0 0 0 0 4 25 0 7 6 33 0 0 0 0 42 2 1 0 0 0 0 0 1 0 0 6 294 0 2 18 9 0 0 3 0 0 0 4 0 12 0 0 84 1 0 0 1 2 0 0 20 1 42 43 23 1 72 36 0 20 0 2 106 7 0 0 0 0 1 0 6 0 95 0 0 0 0 1 11 0 2 0 12 7 7 0 6 235 28 6 2 0 22 41 3 0 31 0 22 1 35 0
0 1 12 0 0 13 0 0 0 1 0 0 1 23 0 0 3 33 0 0 0 0 80 0 4 1 0 0 2 0 0 0 1 11 408 0 0 9 4 0 0 7 2 0 3 5 0 1 0 0 75 0 0 0 9 0 1 0 27 0 36 51 27 1 44 16 0 24 0 9 64 1 0 0 0 0 0 0 1 3 92 0 0 0 0 1 4 3 2 2 11 5 3 0 2 266 0 3 0 1 19 40 2 0 60 0 0 2 26 0
0 0 11 0 1 14 1 0 0 3 0 2 5 14 0 1 6 23 0 0 0 0 63 0 11 1 1 1 18 0 1 0 0 19 325 0 0 12 3 0 0 1 1 0 0 11 0 8 2 0 79 0 2 1 7 0 0 0 6 0 35 33 23 1 48 23 0 19 1 14 87 4 0 0 0 0 0 0 4 3 124 0 0 0 0 0 7 1 2 0 1 2 64 0 9 287 1 7 1 5 30 44 6 0 61 0 6 2 15 0
0 0 0 0 0 23 2 0 0 6 0 0 6 10 0 0 1 17 0 0 0 0 3 0 2 0 1 0 0 0 0 0 0 35 90 0 0 21 9 0 0 2 0 0 0 2 0 0 0 0 52 0 0 1 0 3 0 0 24 0 25 26 26 1 15 147 0 22 49 2 97 2 0 0 0 21 1 0 2 0 60 0 0 0 0 0 0 3 1 0 1 0 2 3 1 107 1 1 0 1 8 31 3 0 65 1 0 0 7 0
