0 5 10 2 9 34 6 0 0 3 6 18 28 26 0 1 13 63 5 1 1 1 9 1 22 3 0 5 25 8 0 2 2 10 265 1 3 20 7 1 0 1 0 0 1 11 0 1 2 0 72 0 0 3 3 0 2 4 12 0 38 93 16 1 33 8 18 43 4 0 94 1 3 6 0 3 0 2 0 1 96 0 0 0 0 1 15 2 4 0 15 0 26 2 4 257 1 8 0 1 7 24 12 0 41 8 3 5 32 0
0 2 11 0 5 19 8 0 0 0 1 10 17 17 0 0 10 39 1 0 0 0 9 3 8 1 0 1 4 0 0 1 0 22 259 3 2 24 6 1 0 0 0 0 0 6 0 0 0 0 54 0 0 0 1 3 1 0 10 0 65 91 18 1 30 6 16 47 0 0 107 1 9 4 0 2 1 7 0 0 76 0 0 0 0 8 19 6 4 1 15 0 37 2 6 261 1 4 1 3 10 21 18 0 67 15 5 7 44 0
0 0 7 1 1 14 13 0 0 2 1 5 9 21 0 4 7 39 4 0 0 2 52 0 22 4 0 15 36 12 0 3 0 16 295 1 0 16 20 0 0 2 0 0 0 5 0 1 0 1 80 0 2 1 3 0 1 1 10 1 46 83 17 1 69 22 25 27 3 0 60 6 15 5 0 4 0 1 1 2 95 0 0 0 0 3 12 2 5 1 13 1 19 3 2 258 2 4 1 0 15 27 10 0 34 0 3 3 24 0
0 4 10 2 3 36 13 0 0 0 0 0 2 20 0 0 12 24 1 0 0 0 24 4 4 1 0 1 6 0 0 20 0 13 300 0 2 23 2 0 0 0 1 0 2 4 0 2 2 0 80 0 5 1 8 4 0 0 11 1 42 76 18 1 68 8 72 23 0 0 86 0 11 1 0 3 0 1 4 1 108 0 0 0 0 0 8 4 3 1 5 0 18 4 1 198 4 3 1 1 14 34 8 0 62 6 5 2 37 0
0 4 8 2 4 27 11 0 0 17 0 12 31 15 0 3 6 49 1 0 0 1 22 0 20 0 0 0 8 0 0 1 1 3 284 3 1 17 10 0 0 0 0 0 3 9 0 1 0 0 63 2 0 0 3 2 0 1 12 0 33 62 17 1 31 0 49 44 3 0 79 1 16 8 0 6 1 2 0 3 85 0 0 0 0 6 16 1 7 0 12 1 14 2 3 245 1 6 0 1 6 13 9 1 67 6 7 8 51 0
0 4 18 2 9 27 41 4 0 2 0 5 11 19 1 1 8 36 3 0 0 2 39 0 14 3 0 0 13 0 0 1 0 7 278 0 5 19 4 0 0 0 0 0 2 8 0 1 0 0 69 0 0 0 2 3 1 1 19 0 36 79 18 1 41 0 34 38 0 0 91 0 20 2 0 3 3 4 1 1 102 0 0 0 0 5 4 4 1 0 9 1 15 2 5 234 3 5 1 0 15 25 8 0 59 3 4 5 38 0
0 1 3 0 2 19 10 0 0 3 0 10 13 16 0 5 6 31 1 0 0 1 26 4 33 15 1 14 12 5 1 0 2 21 288 0 11 8 3 0 0 2 0 0 0 10 0 2 0 0 95 0 0 0 14 1 0 0 57 2 61 56 17 1 38 8 27 43 2 0 50 0 11 4 2 1 1 0 6 3 109 0 0 0 0 2 12 4 0 1 2 2 13 0 10 242 7 15 2 1 15 23 3 0 57 17 3 4 33 0
0 2 12 0 3 21 11 0 0 5 0 8 15 14 0 1 4 34 3 0 0 2 47 4 8 0 1 2 14 0 0 1 5 8 260 0 3 18 4 0 0 1 0 0 0 5 0 0 3 0 48 0 2 3 7 28 1 0 17 2 67 91 17 1 36 4 28 41 2 1 81 0 16 2 0 1 4 1 1 1 74 0 0 0 0 5 7 4 5 2 8 0 31 10 0 304 3 5 1 2 13 31 11 0 34 4 0 3 25 0
0 3 15 3 7 20 12 0 0 1 0 23 27 18 0 2 9 47 1 0 0 0 41 10 19 3 0 13 23 23 3 0 2 12 283 1 3 15 1 0 0 1 1 1 0 10 0 2 0 0 83 3 2 0 6 0 1 1 25 0 54 81 17 1 46 0 38 38 0 0 72 3 3 2 2 1 1 0 1 1 113 0 0 0 0 0 8 5 6 3 3 0 45 6 2 303 10 4 4 3 18 32 12 0 26 2 3 3 18 0
0 0 13 2 3 12 9 2 0 10 14 20 54 22 0 4 8 93 11 0 1 4 17 1 22 0 1 17 34 11 1 6 0 3 289 0 0 28 10 1 0 0 0 0 4 7 0 0 0 0 80 1 1 0 2 1 1 1 4 0 54 73 15 1 34 12 22 37 12 0 89 1 7 9 0 1 2 1 1 1 103 0 0 0 0 3 13 2 8 1 10 1 8 5 8 248 4 13 3 3 13 29 11 0 36 9 3 1 24 0
0 0 11 1 3 22 12 0 0 1 0 5 9 18 0 0 11 28 0 0 0 0 32 1 11 1 2 8 120 89 4 1 0 7 390 1 3 19 4 0 0 1 1 0 4 8 0 0 1 0 72 1 1 0 8 4 1 1 24 0 29 68 16 1 41 18 20 44 1 1 75 0 7 6 0 1 1 1 1 1 94 0 0 0 0 1 3 1 5 2 3 3 7 4 1 215 8 5 4 1 10 28 11 0 41 3 2 0 20 0
0 2 10 7 7 16 12 0 0 6 5 21 39 24 0 1 14 69 3 0 0 2 21 2 53 2 0 6 8 4 0 5 3 7 246 3 6 21 8 0 0 0 0 1 1 11 0 4 0 0 64 1 1 0 4 2 2 2 11 2 51 107 14 1 46 2 52 28 4 2 93 1 3 4 4 2 2 3 1 1 93 0 0 0 0 10 8 4 2 1 3 0 28 5 4 250 3 10 7 4 7 22 14 0 34 7 8 1 20 0
0 1 10 2 4 21 10 0 0 4 3 8 16 20 0 1 11 44 3 0 0 2 36 2 6 2 0 1 8 0 1 1 2 13 244 0 5 29 8 0 0 2 2 0 1 6 0 1 8 1 60 1 4 5 3 3 2 1 11 0 54 109 15 1 41 0 49 33 4 2 92 3 6 7 2 1 0 1 0 1 85 0 0 0 0 6 7 5 10 3 10 1 10 2 0 248 4 9 0 3 7 36 13 0 43 9 5 4 26 0
0 2 16 3 1 30 15 0 0 4 0 19 29 22 1 0 14 58 5 0 0 1 42 6 55 5 0 50 10 9 0 0 0 7 263 0 4 21 4 0 0 3 0 0 1 9 0 1 1 0 81 3 2 1 4 0 0 2 17 0 45 94 16 1 38 2 6 42 2 1 88 1 10 3 0 0 1 1 1 0 111 0 0 0 0 2 16 7 1 1 5 1 23 4 2 247 2 11 0 1 17 35 7 0 40 9 2 2 21 0
0 2 15 2 3 29 4 1 0 3 1 11 18 31 0 2 15 56 1 0 0 1 17 4 21 1 1 4 2 1 0 0 1 9 264 3 6 22 5 2 0 1 1 0 1 3 0 3 1 0 97 1 1 2 3 6 2 0 12 0 54 76 16 1 53 20 12 29 3 0 90 0 15 1 4 1 2 0 1 0 125 0 0 0 0 6 14 2 5 1 7 1 32 5 9 270 2 3 0 3 17 37 12 0 41 6 6 1 33 0
0 1 3 0 4 18 5 1 0 1 2 13 18 18 0 2 3 44 3 0 0 0 14 4 5 3 0 1 1 0 0 2 2 19 247 2 3 15 9 2 0 0 0 0 2 3 0 2 0 0 66 0 3 1 9 12 1 5 18 0 66 81 16 1 56 36 20 23 4 0 88 0 19 6 6 2 2 3 1 1 83 0 0 0 0 7 5 1 1 0 15 0 24 6 8 266 1 7 1 3 15 28 22 0 30 4 1 0 33 1
0 3 17 0 9 34 9 0 0 6 0 17 30 23 0 2 11 66 7 0 2 3 18 11 16 0 1 12 8 3 0 2 0 7 226 2 2 14 4 1 0 1 0 0 0 10 0 3 0 0 90 0 0 1 4 6 0 1 11 0 58 83 16 1 58 16 40 25 3 0 76 1 11 3 2 1 3 3 3 1 122 0 0 0 0 1 5 7 4 1 14 0 25 3 5 239 5 10 1 7 8 24 8 0 42 8 4 4 31 0
0 0 10 0 2 12 22 0 0 1 0 0 7 21 0 3 8 38 8 0 5 1 50 4 0 0 0 0 8 0 0 1 0 8 243 1 1 14 5 0 0 0 2 0 1 2 0 0 0 0 53 2 1 0 11 0 1 0 19 1 57 91 17 1 34 2 59 43 2 1 102 0 14 0 2 1 1 2 1 2 73 0 0 0 0 1 16 4 6 1 5 0 18 4 12 285 7 4 0 2 17 43 21 0 43 4 1 9 30 0
0 3 4 1 4 18 8 0 0 2 0 3 5 15 0 3 6 31 6 0 0 3 54 0 0 0 0 0 10 3 0 1 2 6 263 0 3 17 8 0 0 0 0 0 1 1 0 1 0 0 75 0 0 0 8 5 0 0 10 0 54 97 20 1 37 4 36 41 2 0 90 4 18 0 0 3 0 0 0 4 88 0 0 0 0 0 24 7 5 4 6 1 30 2 7 337 4 5 0 3 15 38 15 0 31 7 0 1 15 0
0 1 9 0 2 14 24 1 0 0 0 1 4 28 0 6 4 40 3 0 0 3 69 0 4 1 0 0 12 0 3 0 3 7 268 0 0 19 5 0 0 4 0 0 2 0 0 2 0 0 55 1 0 0 20 0 0 0 16 2 52 86 19 1 46 14 62 36 2 0 102 4 6 0 0 4 0 0 0 5 71 0 0 0 0 2 18 4 11 7 3 2 24 3 7 314 16 1 6 3 22 36 7 0 28 0 3 1 29 0
0 0 12 2 6 12 15 0 0 1 0 4 5 22 0 2 9 37 8 0 0 6 46 12 0 0 0 0 15 0 3 2 0 10 294 1 7 6 9 0 0 1 1 0 3 6 0 0 1 1 56 1 1 0 9 4 0 0 8 0 59 81 18 1 33 8 28 45 6 0 105 1 13 4 0 0 1 0 1 5 79 0 0 0 0 2 16 5 3 1 3 2 14 3 6 283 20 8 2 3 15 43 15 0 25 6 1 0 19 0
0 1 5 0 2 14 4 0 0 4 0 1 6 17 0 3 5 26 1 0 0 1 37 7 2 0 0 0 10 2 0 0 2 13 246 1 0 16 5 0 0 3 1 0 1 1 0 5 0 0 49 3 5 0 14 4 0 0 7 1 61 58 14 1 44 0 44 28 0 2 90 2 17 1 0 0 3 0 3 2 71 0 0 0 0 1 8 7 3 1 3 0 15 5 3 234 6 6 0 2 12 26 6 0 24 6 4 3 15 0
0 0 2 0 6 13 11 0 0 7 0 0 7 6 0 0 4 15 0 0 0 0 70 9 1 0 0 0 1 0 2 0 2 0 241 1 0 9 1 0 0 0 0 0 1 0 0 1 0 0 41 0 0 0 28 0 0 1 6 0 102 53 19 1 57 0 6 27 0 0 86 0 24 1 0 0 2 0 0 0 45 0 0 0 0 1 3 10 7 5 2 0 13 6 0 277 2 3 4 2 23 30 7 0 22 1 4 0 9 0
0 1 7 1 6 12 13 0 0 7 0 0 7 11 0 0 2 19 0 0 0 0 70 8 0 0 0 0 2 0 1 0 5 1 245 6 1 13 1 0 0 0 0 0 0 9 0 3 0 0 55 0 0 0 25 0 2 1 5 1 94 52 17 1 49 0 4 32 0 0 86 0 15 1 0 0 3 1 2 0 70 0 0 0 0 0 3 1 10 3 1 0 14 9 2 277 4 4 8 1 20 23 6 0 21 4 4 0 10 0
0 6 10 0 3 15 5 1 0 2 0 7 14 9 0 0 5 30 5 0 0 2 22 4 25 1 5 1 13 0 1 0 2 21 235 2 4 11 5 1 0 1 0 0 1 4 0 1 0 0 64 0 11 0 3 8 2 2 10 1 48 47 13 1 35 2 36 37 0 0 87 7 16 3 0 0 4 0 0 0 96 0 0 0 0 0 5 3 4 2 5 0 27 11 7 217 1 4 0 1 7 15 14 0 27 3 1 5 21 0
0 0 20 0 2 9 6 0 0 0 0 0 0 9 0 0 2 11 0 0 0 0 130 3 2 0 0 0 4 0 2 0 5 3 236 3 0 10 1 0 0 1 0 0 0 1 0 3 0 0 50 0 0 0 24 0 0 1 5 1 71 35 18 1 62 14 2 25 0 0 82 2 30 0 0 0 2 0 0 0 72 0 0 0 0 1 0 5 5 5 1 2 15 3 4 311 1 4 10 1 21 26 2 0 20 2 2 4 6 0
0 2 11 0 1 10 1 0 0 2 0 3 6 6 0 0 4 12 0 0 0 0 20 2 0 0 0 0 4 0 0 1 1 0 114 2 0 3 4 0 0 1 0 0 0 0 0 0 0 0 38 0 1 0 4 1 2 1 5 0 26 17 8 1 38 0 4 18 0 0 41 0 12 0 0 0 3 1 0 0 56 0 0 0 0 0 2 0 3 1 9 0 11 9 0 117 2 0 0 0 11 15 3 0 7 1 0 1 6 0
0 2 3 1 1 13 7 0 0 4 1 5 11 16 0 2 8 31 3 0 0 0 40 9 1 0 1 0 10 2 0 0 2 4 202 1 2 26 11 1 0 1 1 0 1 3 0 0 0 0 66 4 0 0 5 2 0 0 7 1 81 71 14 1 45 0 12 29 0 1 82 5 16 4 4 5 0 0 0 1 78 0 0 0 0 5 9 1 3 1 4 1 30 4 2 250 2 7 0 2 9 30 4 0 31 5 1 2 12 0
0 0 11 1 0 22 13 0 0 1 0 3 5 23 0 7 6 31 1 0 0 1 44 4 7 1 0 0 14 10 0 1 1 8 283 0 2 12 11 0 0 4 1 0 3 3 0 2 0 0 67 0 1 0 15 1 0 2 16 0 65 78 17 1 35 8 48 46 1 0 77 1 9 0 0 6 2 1 0 0 83 0 0 0 0 3 8 5 1 2 4 2 19 8 5 287 5 9 1 2 21 45 11 0 34 7 3 5 18 0
0 2 15 0 5 12 5 0 0 9 0 1 11 12 0 0 3 25 0 0 0 0 65 7 1 0 0 0 16 0 4 0 4 3 347 4 3 13 0 0 0 0 0 0 1 2 0 1 0 0 67 0 0 0 26 1 0 2 20 1 120 31 21 1 50 0 14 31 0 5 80 3 41 0 0 0 2 1 0 2 90 0 0 0 0 0 14 6 3 7 1 0 23 11 7 298 4 1 6 0 18 20 4 0 27 0 1 0 19 0
0 0 21 0 2 17 20 0 0 7 0 1 10 21 0 1 5 32 0 0 0 0 54 6 2 0 0 0 25 3 9 26 10 1 334 3 1 21 1 0 0 0 0 0 0 1 0 3 0 0 92 0 2 0 14 1 0 0 9 2 87 63 20 1 49 0 8 40 0 0 97 7 27 0 0 0 1 1 0 0 117 0 0 0 0 0 5 5 7 3 8 3 31 16 2 301 6 3 4 0 21 26 9 0 19 4 7 1 13 0
0 4 7 0 3 16 1 0 0 12 0 0 12 4 0 1 0 19 0 0 0 0 88 13 1 0 0 0 33 0 3 1 2 9 399 2 0 18 2 0 0 0 0 0 0 2 0 4 0 0 80 0 3 0 10 0 0 0 10 2 85 43 20 1 72 2 4 25 0 1 87 7 21 0 0 1 1 0 1 2 98 0 0 0 0 0 2 6 4 1 4 1 17 11 2 292 7 1 16 0 27 29 5 0 19 1 0 3 12 0
0 4 9 0 3 24 11 0 0 2 2 0 7 17 0 2 9 35 6 0 0 2 55 1 0 0 0 0 12 0 0 0 1 0 202 0 0 14 5 0 0 1 0 0 0 11 0 1 1 0 53 6 1 0 7 0 2 0 13 1 49 67 15 1 47 4 34 26 2 0 50 5 20 2 0 0 3 2 0 1 81 0 0 0 0 1 8 2 4 1 3 1 15 8 4 249 2 6 1 0 15 25 3 0 32 1 1 6 27 0
0 2 4 0 2 12 10 0 0 4 3 16 29 17 0 0 7 60 5 0 0 3 23 8 20 4 0 2 10 5 0 2 2 16 212 1 1 21 6 0 0 0 0 1 1 6 0 0 1 0 69 0 1 0 5 0 0 1 4 0 52 77 13 1 41 2 30 31 1 0 77 3 17 2 4 1 1 1 1 4 83 0 0 0 0 5 15 6 4 0 6 1 11 6 1 206 1 7 2 3 15 38 15 0 21 4 0 1 10 0
0 5 4 0 3 15 3 0 0 1 1 5 9 21 0 0 6 38 5 0 2 1 23 3 2 0 0 1 14 5 0 7 2 14 267 1 4 14 14 1 0 0 0 0 0 6 0 1 0 0 65 1 5 1 8 2 1 3 14 2 53 89 13 1 39 2 10 35 2 0 70 2 10 1 0 1 2 1 1 2 89 0 0 0 0 1 8 1 1 2 4 0 20 12 6 218 4 4 0 5 20 25 15 0 24 1 5 2 16 0
0 0 3 0 1 14 2 0 0 5 1 2 9 7 0 1 2 16 0 0 0 0 9 1 1 0 0 0 5 0 0 4 1 2 117 0 0 4 4 0 0 0 0 0 0 1 0 0 0 0 34 0 2 0 5 0 0 1 1 0 17 26 9 1 35 6 12 19 0 1 43 1 12 0 0 0 1 0 0 0 40 0 0 0 0 0 7 2 1 0 5 0 14 4 1 120 0 0 1 0 4 7 4 0 25 6 3 0 13 0
0 2 8 0 3 22 3 0 0 5 0 0 5 12 0 0 5 26 9 0 0 5 97 11 1 1 0 0 13 0 1 2 1 4 330 1 0 10 4 0 0 0 0 0 6 5 0 2 0 0 69 0 2 0 11 0 0 1 3 0 114 34 19 1 64 2 14 23 4 0 81 5 18 0 0 0 2 0 2 0 85 0 0 0 0 0 13 1 0 0 1 0 7 0 0 253 2 1 8 2 8 19 0 0 23 7 7 0 15 0
0 5 12 1 3 10 10 0 0 10 0 1 14 9 0 0 1 25 1 0 0 1 30 1 53 1 0 0 2 0 2 0 0 4 285 1 1 10 0 0 0 0 0 0 1 11 0 2 0 0 68 0 0 0 10 2 1 1 6 0 68 35 15 1 68 2 32 22 0 0 77 2 20 4 2 0 0 0 1 1 88 0 0 0 0 1 2 0 3 1 8 0 8 12 6 202 0 1 1 1 16 30 4 0 31 3 1 1 16 0
0 3 0 0 0 11 3 0 0 2 1 0 4 4 0 0 0 11 1 0 0 0 14 4 0 0 0 0 7 0 2 0 1 1 113 0 0 9 0 0 0 0 0 0 0 2 0 2 0 0 36 0 1 0 3 0 1 1 3 0 27 14 8 1 45 2 16 13 0 1 33 2 6 1 4 0 2 0 0 0 42 0 0 0 0 0 2 0 0 0 4 0 4 6 0 93 3 0 0 1 8 9 1 0 11 2 2 2 7 0
0 3 16 0 5 26 6 0 0 2 0 0 2 18 0 2 7 20 0 0 0 0 36 9 1 0 0 0 35 8 7 9 9 3 240 1 3 5 6 0 0 0 0 0 0 10 0 3 0 0 62 0 1 0 8 0 0 1 5 1 66 32 14 1 53 0 6 23 0 3 68 0 13 0 0 0 3 0 0 0 85 0 0 0 0 1 4 4 0 3 6 2 27 6 5 196 3 2 4 0 16 18 4 0 28 1 3 1 10 0
0 3 6 0 2 12 10 2 0 4 0 2 7 17 0 0 5 27 0 0 0 0 46 5 1 0 1 0 8 0 4 17 8 6 306 2 1 17 5 0 0 1 0 0 1 8 0 5 2 1 64 2 4 1 14 1 1 1 9 0 53 56 15 1 60 10 6 25 0 1 70 3 29 2 0 0 0 0 1 1 82 0 0 0 0 1 6 3 5 1 6 0 4 6 0 203 2 5 1 1 28 42 17 0 15 1 0 0 9 0
0 0 7 0 0 17 32 0 0 2 0 0 3 7 0 0 1 15 0 0 0 0 91 2 12 0 1 2 11 0 4 0 0 28 305 3 0 6 2 0 0 0 0 0 1 2 0 0 0 0 30 0 3 0 22 1 0 0 15 0 63 51 20 1 37 0 16 42 1 0 96 1 17 0 4 2 2 0 0 5 47 0 0 0 0 1 9 5 9 9 3 1 39 7 12 372 5 5 6 1 14 27 7 0 55 4 4 2 35 0
0 3 9 1 10 22 35 3 0 1 0 4 7 15 0 1 11 23 0 0 0 0 44 3 13 4 0 9 66 44 1 1 1 11 327 1 0 10 3 0 0 0 0 0 1 8 0 2 0 0 61 0 0 0 7 0 0 2 26 0 39 56 18 1 44 4 17 36 1 0 73 4 19 0 4 3 0 0 0 3 77 0 0 0 0 0 11 3 1 1 5 0 28 8 0 249 5 8 1 4 22 29 8 0 54 2 1 11 44 0
0 3 8 0 11 25 30 2 0 3 0 11 14 10 0 1 4 26 1 0 0 1 42 3 46 1 1 40 51 38 0 5 1 24 336 0 1 9 7 0 0 2 2 0 2 16 0 1 1 0 44 1 1 0 6 1 0 3 23 0 37 58 16 1 35 0 31 45 5 0 89 2 4 0 0 0 1 1 1 0 61 0 0 0 0 1 13 1 3 1 1 3 40 4 7 291 8 10 4 0 18 42 3 0 27 7 3 3 14 0
0 2 8 3 5 22 19 0 0 8 2 15 39 22 0 3 15 66 1 0 0 1 24 2 51 0 0 51 17 14 0 0 3 9 263 2 2 13 6 1 0 2 0 0 1 13 0 1 4 0 59 1 1 2 8 0 0 2 5 0 43 84 17 1 32 2 68 52 1 0 75 0 5 0 0 5 4 0 2 0 83 0 0 0 0 0 6 3 4 1 12 0 20 7 1 242 10 7 2 1 10 20 8 0 52 4 5 13 45 0
0 8 11 0 7 25 24 0 0 5 0 9 16 15 0 4 4 39 0 0 0 0 47 7 15 0 0 0 26 1 5 0 0 10 324 1 0 7 11 0 0 0 0 0 1 6 0 0 1 0 48 0 1 1 10 1 2 4 5 0 53 66 18 1 44 6 20 34 0 1 100 0 31 0 2 4 4 4 0 5 82 0 0 0 0 3 8 1 1 0 10 1 25 3 3 261 3 6 2 2 14 20 2 0 43 1 5 2 29 0
0 0 12 0 1 22 28 0 0 2 0 1 5 27 0 2 7 34 0 0 0 0 78 11 2 0 0 0 62 39 0 0 1 7 318 1 1 20 3 0 0 2 0 0 0 8 0 1 0 0 55 0 0 0 4 5 0 0 31 1 53 61 20 1 70 24 56 26 0 0 69 0 12 0 0 3 2 1 1 3 74 0 0 0 0 0 2 9 0 0 3 3 13 2 3 267 11 11 0 0 23 35 9 0 21 4 3 0 13 0
0 1 16 1 6 28 32 2 0 0 0 13 17 30 0 1 5 50 1 0 0 0 38 1 15 3 0 5 22 7 2 0 1 11 334 1 1 17 2 0 0 4 0 0 0 7 0 0 0 0 57 0 0 1 5 3 0 0 9 0 41 47 17 1 35 2 26 48 0 0 78 1 14 0 0 2 0 1 0 3 80 0 0 0 0 0 3 2 1 5 4 1 17 1 4 232 3 6 0 1 8 18 4 0 73 8 1 10 31 0
0 4 9 0 13 26 19 0 0 0 0 4 8 18 0 1 10 30 1 0 0 0 42 4 11 10 0 0 27 2 2 3 0 17 314 2 0 9 3 0 0 3 0 0 0 6 0 4 0 0 46 0 0 0 8 4 0 1 21 0 46 59 20 1 50 12 11 32 0 0 89 0 19 0 0 1 0 0 0 2 61 0 0 0 0 2 6 5 4 2 9 2 31 1 0 250 5 6 2 0 17 30 5 0 61 0 12 6 52 0
0 4 7 0 16 43 56 2 0 0 0 2 3 6 0 0 4 13 0 0 0 0 39 6 5 4 0 0 43 0 2 0 1 13 295 1 5 6 4 0 0 1 0 0 0 20 0 0 0 0 37 0 0 0 10 0 1 0 25 0 45 52 20 1 46 2 2 38 0 0 95 1 9 0 0 0 3 2 0 1 54 0 0 0 0 1 1 0 2 5 7 0 35 1 1 263 3 2 0 0 10 13 4 0 69 2 6 3 55 0
0 0 7 2 1 18 29 0 0 7 1 5 14 18 0 1 5 43 7 3 0 4 55 3 20 5 0 0 15 3 1 5 2 4 274 1 2 12 8 0 0 2 0 0 1 6 0 1 0 0 63 0 0 1 1 1 0 0 16 0 35 59 17 1 36 20 22 41 2 0 72 7 16 0 0 2 2 0 0 2 77 0 0 0 0 1 14 6 4 4 2 1 35 0 6 299 12 15 2 0 10 29 8 0 62 5 2 13 37 0
0 1 6 0 4 13 30 2 0 1 0 1 4 13 0 0 5 18 0 0 0 0 76 16 10 0 0 0 23 0 5 1 1 15 341 1 0 8 6 0 0 1 0 0 0 1 0 1 0 0 47 0 3 0 5 1 0 0 31 1 64 55 18 1 47 12 40 37 0 0 77 1 24 0 2 2 2 1 1 3 64 0 0 0 0 0 12 2 6 1 5 2 19 1 2 276 4 2 1 0 23 34 8 0 28 2 0 8 17 0
0 5 6 0 9 17 25 2 0 22 12 2 40 16 0 2 9 60 3 0 0 3 37 1 21 2 0 9 35 16 7 2 6 16 300 1 3 27 2 0 0 1 0 0 0 10 0 2 0 0 84 0 1 0 4 2 1 9 17 0 53 77 16 1 64 20 40 23 0 1 63 0 5 0 0 6 0 2 0 1 99 0 0 0 0 13 3 3 5 2 5 2 11 2 9 253 2 9 0 2 11 15 5 0 30 1 4 2 23 2
0 0 14 5 3 29 28 0 0 0 0 15 16 7 0 0 4 25 2 0 1 1 33 1 54 3 0 33 20 5 0 21 0 25 315 0 6 9 6 1 0 1 1 0 2 8 0 0 0 0 38 1 0 0 2 3 0 1 25 0 46 94 18 1 41 4 2 33 1 0 87 0 2 11 0 0 0 0 0 3 62 0 0 0 0 2 12 3 8 0 17 3 20 2 1 249 3 7 0 0 12 33 10 0 58 1 20 2 44 0
0 0 5 1 1 29 30 0 0 0 0 1 1 10 0 0 3 12 0 0 0 0 39 0 41 8 2 15 69 38 4 2 1 8 313 0 0 8 1 1 0 0 0 0 1 5 0 0 0 0 32 0 0 0 4 2 0 2 7 0 23 37 15 1 44 4 2 32 3 0 52 3 18 0 0 0 0 1 1 2 43 0 0 0 0 2 2 10 0 2 1 4 19 1 9 173 0 1 0 0 12 17 8 0 81 0 15 6 59 0
0 1 27 0 3 31 17 1 0 1 0 15 16 12 2 0 8 28 0 0 0 0 18 1 38 1 0 33 33 19 0 2 0 6 222 0 2 12 10 0 0 1 0 0 0 17 0 1 0 0 54 0 1 0 7 1 1 2 16 0 50 67 15 1 61 8 10 21 0 2 91 0 0 5 0 0 3 1 0 0 88 0 0 0 0 2 6 6 0 1 13 0 15 2 1 207 1 2 0 0 8 19 4 0 36 3 14 3 36 0
0 4 9 0 6 22 11 0 0 4 0 7 12 25 0 1 7 42 0 0 0 0 25 4 35 6 11 1 15 0 0 1 0 19 324 0 8 12 1 0 0 0 0 0 0 5 0 0 3 0 50 1 8 3 4 1 0 3 19 0 42 51 17 1 50 22 48 32 0 0 80 0 17 1 0 1 5 0 2 4 86 0 0 0 0 3 11 3 3 3 10 1 18 7 14 256 1 4 1 2 19 24 5 0 33 2 5 3 31 0
0 9 15 2 5 18 15 0 0 20 3 17 45 27 0 1 10 91 14 0 1 2 20 1 42 14 0 0 17 4 0 0 3 12 269 3 1 18 5 0 0 0 0 0 0 6 0 0 0 1 53 0 0 0 3 0 0 2 5 0 42 105 18 1 33 0 51 44 1 2 95 0 9 0 2 7 1 8 0 0 88 0 0 0 0 14 10 2 3 0 14 0 21 6 0 233 2 8 0 0 8 19 17 0 32 6 6 8 29 0
0 1 23 0 0 44 29 0 0 0 0 11 11 19 0 0 10 30 0 0 0 0 13 0 47 6 0 37 17 13 1 0 0 9 234 0 2 9 5 5 0 0 0 0 0 8 0 0 0 0 57 0 0 0 17 0 0 2 7 0 42 55 20 1 31 8 0 30 0 0 57 0 3 1 0 0 0 0 1 0 87 0 0 0 0 0 2 14 0 3 2 0 42 2 8 206 0 1 0 0 7 14 5 0 62 0 5 33 64 0
0 0 5 0 1 19 3 0 0 0 0 23 23 8 0 0 3 33 0 0 0 0 10 0 73 32 10 0 9 0 2 0 0 28 271 1 5 3 12 0 0 0 0 0 0 5 0 0 0 0 23 0 0 0 4 3 0 0 13 0 30 40 19 1 16 0 2 27 0 0 74 0 1 0 0 0 1 2 0 0 31 0 0 0 0 0 2 0 0 1 20 1 22 0 7 190 0 0 0 1 11 19 3 0 124 0 1 1 45 0
0 1 8 1 0 26 27 1 0 1 1 10 13 8 0 1 3 22 0 0 0 0 26 1 58 1 4 36 17 15 2 8 0 27 311 1 3 8 0 1 0 0 1 0 3 9 0 0 0 1 46 1 2 0 1 8 1 0 24 1 48 68 17 1 35 8 26 45 0 2 92 0 7 3 0 0 0 0 0 0 60 0 0 0 0 2 8 8 4 3 11 1 27 5 7 243 2 6 0 1 9 27 10 0 49 1 6 3 31 0
0 2 8 0 0 26 32 0 0 0 0 1 1 5 0 0 3 10 1 0 0 1 44 0 21 8 3 0 34 0 1 5 2 11 343 0 1 8 8 0 0 1 3 0 1 7 0 1 0 0 51 0 3 0 4 4 0 2 17 1 51 50 18 1 36 16 36 30 3 0 86 1 17 0 2 5 0 1 3 2 71 0 0 0 0 5 3 2 0 3 5 0 19 6 8 237 9 4 2 2 9 23 3 0 90 5 1 6 47 0
0 1 9 0 1 11 28 1 0 2 4 4 11 14 0 2 6 28 1 0 0 0 40 6 7 1 0 4 19 5 0 0 0 2 215 0 2 10 6 0 0 1 0 0 0 4 0 0 2 0 61 1 0 1 5 2 0 0 13 2 42 74 15 1 41 6 45 26 3 0 72 4 2 2 0 0 0 2 0 0 76 0 0 0 0 1 8 3 4 1 4 1 20 1 1 234 4 14 0 0 8 17 12 0 49 0 0 1 20 0
0 1 7 3 2 16 36 0 0 0 0 0 1 18 0 0 6 24 2 0 0 1 45 0 8 1 0 2 25 9 1 6 0 11 295 0 0 16 5 0 0 1 0 2 1 4 0 0 0 0 33 2 4 1 3 4 0 0 28 0 37 57 17 1 42 6 20 30 1 0 87 1 7 7 1 0 0 0 0 2 53 0 0 0 0 1 8 1 4 3 2 2 18 1 5 268 3 5 1 0 13 38 7 0 104 3 1 1 42 0
0 0 4 0 5 19 27 2 0 0 0 0 0 17 0 1 8 23 4 0 1 2 53 5 7 0 0 0 17 0 1 2 0 26 334 1 1 15 4 0 0 1 0 0 2 9 0 0 0 0 46 0 1 1 10 0 0 1 16 1 53 77 19 1 42 4 2 39 4 0 98 0 12 0 0 0 1 0 0 5 58 0 0 0 0 0 15 4 5 9 7 4 31 0 0 302 3 5 6 1 16 46 10 0 28 2 3 1 14 0
0 1 7 1 12 14 42 1 0 1 0 2 3 17 0 0 3 22 0 0 0 0 24 1 39 2 1 33 72 29 2 1 0 11 366 0 1 10 4 0 0 1 0 1 0 4 0 0 0 0 56 2 3 0 6 5 0 1 7 0 35 54 18 1 35 28 24 46 0 0 77 0 4 0 0 8 0 0 2 1 73 0 0 0 0 1 6 2 0 2 3 0 14 2 14 224 5 6 0 0 7 20 7 0 69 1 2 2 29 0
0 2 3 0 8 18 25 0 0 0 0 1 1 14 0 5 4 21 1 0 0 0 56 1 18 11 0 0 104 14 0 0 4 16 420 0 0 13 3 1 0 1 0 0 0 5 0 4 0 0 60 1 0 0 8 2 0 1 25 3 51 46 18 1 47 6 16 34 2 0 73 0 22 0 0 3 0 1 0 9 78 0 0 0 0 1 7 1 2 2 6 0 16 4 1 216 0 3 0 2 35 42 0 0 26 5 1 6 22 0
0 1 8 0 3 20 8 0 0 3 0 22 28 27 0 3 12 62 4 0 0 4 11 3 12 0 0 4 50 28 13 4 2 3 234 0 0 17 11 0 0 0 0 0 1 13 0 0 0 1 55 0 0 0 6 0 0 0 33 0 28 63 17 1 74 0 0 20 0 0 61 0 4 0 0 0 0 0 1 3 69 0 0 0 0 0 9 2 6 0 3 3 8 6 0 191 12 8 0 0 7 23 13 0 35 10 3 2 16 0
0 1 17 1 7 31 39 0 0 28 10 11 49 33 0 6 10 90 4 0 0 2 12 1 35 0 0 30 36 33 2 1 0 3 221 2 0 19 7 0 0 1 0 0 1 18 0 2 0 2 86 0 0 0 3 9 0 0 13 0 31 91 17 1 72 0 6 16 6 0 102 0 1 10 0 0 4 0 1 0 111 0 0 0 0 12 15 1 2 0 11 3 4 4 1 187 2 10 2 0 14 29 8 0 35 18 3 1 12 0
0 0 8 1 14 29 25 2 0 15 0 2 17 29 1 10 10 46 0 0 0 0 25 1 11 2 0 1 26 0 0 1 2 3 205 2 4 12 8 0 0 2 1 0 1 4 0 0 0 0 52 0 0 1 3 1 0 0 12 0 29 59 16 1 36 32 4 37 0 0 79 0 2 21 0 0 0 1 0 0 64 0 0 0 0 7 2 0 1 0 12 2 23 2 0 189 0 2 0 0 8 21 5 0 64 6 11 3 42 0
0 0 12 4 10 23 20 1 0 17 1 5 27 20 0 2 7 48 0 0 0 0 47 6 3 0 0 1 22 1 3 0 1 7 206 1 5 7 12 0 0 2 0 0 1 12 0 0 0 0 53 0 0 0 7 3 0 0 8 0 35 51 16 1 76 0 2 19 0 0 53 0 6 2 0 0 1 0 0 1 71 0 0 0 0 3 11 4 7 1 6 9 10 0 5 236 4 7 1 0 14 28 4 0 31 4 4 2 25 0
0 5 12 1 9 28 43 0 0 32 11 17 65 19 0 4 8 89 5 0 0 3 16 3 4 4 0 0 12 12 0 0 1 4 172 1 4 25 15 0 0 3 0 0 0 27 0 1 1 0 65 0 0 0 2 0 3 1 12 0 27 77 17 1 54 0 0 24 3 0 103 0 0 1 0 0 3 0 0 0 90 0 0 0 0 6 13 4 6 0 12 2 8 1 0 220 2 11 0 1 4 30 9 0 32 2 1 1 13 0
0 0 8 0 12 26 11 0 0 14 1 2 18 23 0 8 7 47 1 0 0 0 24 0 17 3 0 0 46 4 0 0 0 5 251 0 1 24 8 0 0 1 0 0 2 5 0 0 0 0 62 1 0 0 1 0 1 0 11 2 36 58 18 1 52 0 20 27 1 0 77 0 11 0 0 0 1 0 1 2 76 0 0 0 0 1 5 3 4 0 5 1 13 2 0 194 0 4 0 0 8 14 2 0 76 2 3 1 62 0
0 1 7 1 18 19 12 0 0 23 0 6 32 20 0 1 9 62 7 0 0 4 32 1 8 1 0 1 14 2 0 0 0 4 230 3 0 11 8 0 0 0 0 0 4 4 0 2 0 0 43 0 0 0 3 0 0 0 11 0 22 58 15 1 34 0 18 36 5 0 63 0 13 4 0 0 0 2 1 3 59 0 0 0 0 6 19 3 3 2 7 4 11 1 1 229 3 11 1 1 5 20 5 0 39 6 4 1 29 1
0 3 12 2 14 30 31 0 0 8 1 1 10 17 0 6 2 28 1 0 0 0 23 4 8 1 1 0 17 0 0 4 0 8 235 2 5 10 8 0 0 0 0 0 0 5 0 1 0 0 39 0 1 0 6 1 0 1 6 0 38 55 15 1 34 4 4 40 0 0 62 0 16 2 0 0 1 0 0 2 60 0 0 0 0 4 5 4 1 3 6 1 29 1 2 204 2 3 0 1 13 15 1 0 63 1 1 7 44 0
0 1 0 0 0 11 7 0 0 0 0 0 1 11 0 0 4 13 0 0 0 0 94 1 2 0 0 0 8 1 1 0 1 2 323 1 0 7 3 0 0 0 0 0 0 3 0 1 0 0 36 0 0 0 8 1 0 0 7 0 43 31 19 1 57 0 4 25 0 0 104 0 22 1 0 0 0 0 0 10 47 0 0 0 0 0 0 4 2 7 3 1 12 1 3 280 5 0 6 0 21 28 5 0 34 0 0 2 8 6
0 1 6 1 4 11 36 1 0 0 2 1 4 15 0 0 1 21 0 0 0 0 41 2 19 9 8 0 21 0 0 4 2 29 317 0 1 9 6 0 0 0 0 0 0 2 0 1 0 0 37 0 3 0 3 4 1 0 13 0 37 37 14 1 41 2 30 30 2 1 70 2 29 3 2 0 0 0 0 4 52 0 0 0 0 0 2 0 0 2 1 8 11 5 0 167 1 1 0 0 12 20 0 0 58 2 2 2 26 0
0 2 21 2 12 36 38 0 0 0 0 15 18 22 1 1 13 45 1 0 0 0 35 1 36 3 1 3 16 1 6 1 0 17 231 1 0 14 8 1 0 0 1 0 3 11 0 0 0 1 60 1 1 2 18 1 1 2 9 0 57 83 17 1 62 2 2 26 0 1 115 0 1 0 0 7 2 1 0 0 94 0 0 0 0 0 4 3 4 1 13 0 21 1 8 278 2 7 1 2 10 33 8 0 38 1 24 3 45 0
0 3 11 0 5 14 16 0 0 0 0 0 0 9 0 1 4 12 2 0 0 1 67 1 12 2 3 0 63 2 3 3 1 17 391 0 2 9 5 0 0 0 0 0 0 2 0 0 0 1 60 0 1 0 3 5 1 3 18 1 39 58 17 1 42 0 38 34 2 0 70 4 16 1 3 0 0 0 0 1 76 0 0 0 0 1 4 2 1 4 8 2 21 2 13 265 4 1 0 3 18 26 4 0 57 0 7 1 33 0
0 3 26 0 4 17 15 0 0 4 0 1 5 15 0 0 2 23 2 0 0 1 22 5 10 0 0 0 32 0 0 0 0 16 306 0 1 4 5 0 0 0 0 0 0 0 0 0 0 0 48 0 4 0 14 1 0 3 14 0 44 38 16 1 47 4 47 27 1 0 70 0 6 3 0 4 1 0 0 1 83 0 0 0 0 1 5 4 0 1 7 1 17 3 7 207 0 5 2 2 12 12 5 0 31 1 1 4 33 0
0 2 6 0 2 19 11 0 0 1 0 1 2 10 0 1 2 13 0 0 0 0 63 1 9 0 0 0 24 0 4 2 0 4 310 1 0 13 9 0 0 0 0 0 0 1 0 0 1 0 56 0 1 0 3 1 0 0 10 0 39 45 18 1 40 0 4 34 0 0 74 1 31 0 0 0 0 2 0 10 77 0 0 0 0 0 3 1 5 4 2 2 14 5 0 225 4 1 0 3 12 22 3 0 46 10 1 0 16 0
0 5 7 1 13 15 7 1 0 3 1 4 8 16 0 2 4 29 0 0 0 0 20 2 16 5 1 0 36 12 0 0 0 34 340 1 0 9 12 0 0 1 0 0 0 1 0 1 0 0 52 0 5 0 1 0 0 0 8 0 30 38 15 1 45 4 32 29 1 1 64 3 36 3 0 0 4 0 0 7 82 0 0 0 0 3 4 0 0 1 5 0 19 3 6 184 0 1 0 1 9 13 2 0 41 2 4 5 30 0
0 5 10 2 9 34 6 0 0 3 6 18 28 26 0 1 13 63 5 1 1 1 9 1 22 3 0 5 25 8 0 2 2 10 265 1 3 20 7 1 0 1 0 0 1 11 0 1 2 0 72 0 0 3 3 0 2 4 12 0 38 93 16 1 33 8 18 43 4 0 94 1 3 6 0 3 0 2 0 1 96 0 0 0 0 1 15 2 4 0 15 0 26 2 4 257 1 8 0 1 7 24 12 0 41 8 3 5 32 0
0 2 11 0 5 19 8 0 0 0 1 10 17 17 0 0 10 39 1 0 0 0 9 3 8 1 0 1 4 0 0 1 0 22 259 3 2 24 6 1 0 0 0 0 0 6 0 0 0 0 54 0 0 0 1 3 1 0 10 0 65 91 18 1 30 6 16 47 0 0 107 1 9 4 0 2 1 7 0 0 76 0 0 0 0 8 19 6 4 1 15 0 37 2 6 261 1 4 1 3 10 21 18 0 67 15 5 7 44 0
0 0 7 1 1 14 13 0 0 2 1 5 9 21 0 4 7 39 4 0 0 2 52 0 22 4 0 15 36 12 0 3 0 16 295 1 0 16 20 0 0 2 0 0 0 5 0 1 0 1 80 0 2 1 3 0 1 1 10 1 46 83 17 1 69 22 25 27 3 0 60 6 15 5 0 4 0 1 1 2 95 0 0 0 0 3 12 2 5 1 13 1 19 3 2 258 2 4 1 0 15 27 10 0 34 0 3 3 24 0
0 4 10 2 3 36 13 0 0 0 0 0 2 20 0 0 12 24 1 0 0 0 24 4 4 1 0 1 6 0 0 20 0 13 300 0 2 23 2 0 0 0 1 0 2 4 0 2 2 0 80 0 5 1 8 4 0 0 11 1 42 76 18 1 68 8 72 23 0 0 86 0 11 1 0 3 0 1 4 1 108 0 0 0 0 0 8 4 3 1 5 0 18 4 1 198 4 3 1 1 14 34 8 0 62 6 5 2 37 0
0 4 8 2 4 27 11 0 0 17 0 12 31 15 0 3 6 49 1 0 0 1 22 0 20 0 0 0 8 0 0 1 1 3 284 3 1 17 10 0 0 0 0 0 3 9 0 1 0 0 63 2 0 0 3 2 0 1 12 0 33 62 17 1 31 0 49 44 3 0 79 1 16 8 0 6 1 2 0 3 85 0 0 0 0 6 16 1 7 0 12 1 14 2 3 245 1 6 0 1 6 13 9 1 67 6 7 8 51 0
0 4 18 2 9 27 41 4 0 2 0 5 11 19 1 1 8 36 3 0 0 2 39 0 14 3 0 0 13 0 0 1 0 7 278 0 5 19 4 0 0 0 0 0 2 8 0 1 0 0 69 0 0 0 2 3 1 1 19 0 36 79 18 1 41 0 34 38 0 0 91 0 20 2 0 3 3 4 1 1 102 0 0 0 0 5 4 4 1 0 9 1 15 2 5 234 3 5 1 0 15 25 8 0 59 3 4 5 38 0
0 1 3 0 2 19 10 0 0 3 0 10 13 16 0 5 6 31 1 0 0 1 26 4 33 15 1 14 12 5 1 0 2 21 288 0 11 8 3 0 0 2 0 0 0 10 0 2 0 0 95 0 0 0 14 1 0 0 57 2 61 56 17 1 38 8 27 43 2 0 50 0 11 4 2 1 1 0 6 3 109 0 0 0 0 2 12 4 0 1 2 2 13 0 10 242 7 15 2 1 15 23 3 0 57 17 3 4 33 0
0 2 12 0 3 21 11 0 0 5 0 8 15 14 0 1 4 34 3 0 0 2 47 4 8 0 1 2 14 0 0 1 5 8 260 0 3 18 4 0 0 1 0 0 0 5 0 0 3 0 48 0 2 3 7 28 1 0 17 2 67 91 17 1 36 4 28 41 2 1 81 0 16 2 0 1 4 1 1 1 74 0 0 0 0 5 7 4 5 2 8 0 31 10 0 304 3 5 1 2 13 31 11 0 34 4 0 3 25 0
0 3 15 3 7 20 12 0 0 1 0 23 27 18 0 2 9 47 1 0 0 0 41 10 19 3 0 13 23 23 3 0 2 12 283 1 3 15 1 0 0 1 1 1 0 10 0 2 0 0 83 3 2 0 6 0 1 1 25 0 54 81 17 1 46 0 38 38 0 0 72 3 3 2 2 1 1 0 1 1 113 0 0 0 0 0 8 5 6 3 3 0 45 6 2 303 10 4 4 3 18 32 12 0 26 2 3 3 18 0
0 0 13 2 3 12 9 2 0 10 14 20 54 22 0 4 8 93 11 0 1 4 17 1 22 0 1 17 34 11 1 6 0 3 289 0 0 28 10 1 0 0 0 0 4 7 0 0 0 0 80 1 1 0 2 1 1 1 4 0 54 73 15 1 34 12 22 37 12 0 89 1 7 9 0 1 2 1 1 1 103 0 0 0 0 3 13 2 8 1 10 1 8 5 8 248 4 13 3 3 13 29 11 0 36 9 3 1 24 0
0 0 11 1 3 22 12 0 0 1 0 5 9 18 0 0 11 28 0 0 0 0 32 1 11 1 2 8 120 89 4 1 0 7 390 1 3 19 4 0 0 1 1 0 4 8 0 0 1 0 72 1 1 0 8 4 1 1 24 0 29 68 16 1 41 18 20 44 1 1 75 0 7 6 0 1 1 1 1 1 94 0 0 0 0 1 3 1 5 2 3 3 7 4 1 215 8 5 4 1 10 28 11 0 41 3 2 0 20 0
0 2 10 7 7 16 12 0 0 6 5 21 39 24 0 1 14 69 3 0 0 2 21 2 53 2 0 6 8 4 0 5 3 7 246 3 6 21 8 0 0 0 0 1 1 11 0 4 0 0 64 1 1 0 4 2 2 2 11 2 51 107 14 1 46 2 52 28 4 2 93 1 3 4 4 2 2 3 1 1 93 0 0 0 0 10 8 4 2 1 3 0 28 5 4 250 3 10 7 4 7 22 14 0 34 7 8 1 20 0
0 1 10 2 4 21 10 0 0 4 3 8 16 20 0 1 11 44 3 0 0 2 36 2 6 2 0 1 8 0 1 1 2 13 244 0 5 29 8 0 0 2 2 0 1 6 0 1 8 1 60 1 4 5 3 3 2 1 11 0 54 109 15 1 41 0 49 33 4 2 92 3 6 7 2 1 0 1 0 1 85 0 0 0 0 6 7 5 10 3 10 1 10 2 0 248 4 9 0 3 7 36 13 0 43 9 5 4 26 0
0 2 16 3 1 30 15 0 0 4 0 19 29 22 1 0 14 58 5 0 0 1 42 6 55 5 0 50 10 9 0 0 0 7 263 0 4 21 4 0 0 3 0 0 1 9 0 1 1 0 81 3 2 1 4 0 0 2 17 0 45 94 16 1 38 2 6 42 2 1 88 1 10 3 0 0 1 1 1 0 111 0 0 0 0 2 16 7 1 1 5 1 23 4 2 247 2 11 0 1 17 35 7 0 40 9 2 2 21 0
0 2 15 2 3 29 4 1 0 3 1 11 18 31 0 2 15 56 1 0 0 1 17 4 21 1 1 4 2 1 0 0 1 9 264 3 6 22 5 2 0 1 1 0 1 3 0 3 1 0 97 1 1 2 3 6 2 0 12 0 54 76 16 1 53 20 12 29 3 0 90 0 15 1 4 1 2 0 1 0 125 0 0 0 0 6 14 2 5 1 7 1 32 5 9 270 2 3 0 3 17 37 12 0 41 6 6 1 33 0
0 1 3 0 4 18 5 1 0 1 2 13 18 18 0 2 3 44 3 0 0 0 14 4 5 3 0 1 1 0 0 2 2 19 247 2 3 15 9 2 0 0 0 0 2 3 0 2 0 0 66 0 3 1 9 12 1 5 18 0 66 81 16 1 56 36 20 23 4 0 88 0 19 6 6 2 2 3 1 1 83 0 0 0 0 7 5 1 1 0 15 0 24 6 8 266 1 7 1 3 15 28 22 0 30 4 1 0 33 1
0 3 17 0 9 34 9 0 0 6 0 17 30 23 0 2 11 66 7 0 2 3 18 11 16 0 1 12 8 3 0 2 0 7 226 2 2 14 4 1 0 1 0 0 0 10 0 3 0 0 90 0 0 1 4 6 0 1 11 0 58 83 16 1 58 16 40 25 3 0 76 1 11 3 2 1 3 3 3 1 122 0 0 0 0 1 5 7 4 1 14 0 25 3 5 239 5 10 1 7 8 24 8 0 42 8 4 4 31 0
0 0 10 0 2 12 22 0 0 1 0 0 7 21 0 3 8 38 8 0 5 1 50 4 0 0 0 0 8 0 0 1 0 8 243 1 1 14 5 0 0 0 2 0 1 2 0 0 0 0 53 2 1 0 11 0 1 0 19 1 57 91 17 1 34 2 59 43 2 1 102 0 14 0 2 1 1 2 1 2 73 0 0 0 0 1 16 4 6 1 5 0 18 4 12 285 7 4 0 2 17 43 21 0 43 4 1 9 30 0
0 3 4 1 4 18 8 0 0 2 0 3 5 15 0 3 6 31 6 0 0 3 54 0 0 0 0 0 10 3 0 1 2 6 263 0 3 17 8 0 0 0 0 0 1 1 0 1 0 0 75 0 0 0 8 5 0 0 10 0 54 97 20 1 37 4 36 41 2 0 90 4 18 0 0 3 0 0 0 4 88 0 0 0 0 0 24 7 5 4 6 1 30 2 7 337 4 5 0 3 15 38 15 0 31 7 0 1 15 0
0 1 9 0 2 14 24 1 0 0 0 1 4 28 0 6 4 40 3 0 0 3 69 0 4 1 0 0 12 0 3 0 3 7 268 0 0 19 5 0 0 4 0 0 2 0 0 2 0 0 55 1 0 0 20 0 0 0 16 2 52 86 19 1 46 14 62 36 2 0 102 4 6 0 0 4 0 0 0 5 71 0 0 0 0 2 18 4 11 7 3 2 24 3 7 314 16 1 6 3 22 36 7 0 28 0 3 1 29 0
0 0 12 2 6 12 15 0 0 1 0 4 5 22 0 2 9 37 8 0 0 6 46 12 0 0 0 0 15 0 3 2 0 10 294 1 7 6 9 0 0 1 1 0 3 6 0 0 1 1 56 1 1 0 9 4 0 0 8 0 59 81 18 1 33 8 28 45 6 0 105 1 13 4 0 0 1 0 1 5 79 0 0 0 0 2 16 5 3 1 3 2 14 3 6 283 20 8 2 3 15 43 15 0 25 6 1 0 19 0
0 1 5 0 2 14 4 0 0 4 0 1 6 17 0 3 5 26 1 0 0 1 37 7 2 0 0 0 10 2 0 0 2 13 246 1 0 16 5 0 0 3 1 0 1 1 0 5 0 0 49 3 5 0 14 4 0 0 7 1 61 58 14 1 44 0 44 28 0 2 90 2 17 1 0 0 3 0 3 2 71 0 0 0 0 1 8 7 3 1 3 0 15 5 3 234 6 6 0 2 12 26 6 0 24 6 4 3 15 0
0 0 2 0 6 13 11 0 0 7 0 0 7 6 0 0 4 15 0 0 0 0 70 9 1 0 0 0 1 0 2 0 2 0 241 1 0 9 1 0 0 0 0 0 1 0 0 1 0 0 41 0 0 0 28 0 0 1 6 0 102 53 19 1 57 0 6 27 0 0 86 0 24 1 0 0 2 0 0 0 45 0 0 0 0 1 3 10 7 5 2 0 13 6 0 277 2 3 4 2 23 30 7 0 22 1 4 0 9 0
0 1 7 1 6 12 13 0 0 7 0 0 7 11 0 0 2 19 0 0 0 0 70 8 0 0 0 0 2 0 1 0 5 1 245 6 1 13 1 0 0 0 0 0 0 9 0 3 0 0 55 0 0 0 25 0 2 1 5 1 94 52 17 1 49 0 4 32 0 0 86 0 15 1 0 0 3 1 2 0 70 0 0 0 0 0 3 1 10 3 1 0 14 9 2 277 4 4 8 1 20 23 6 0 21 4 4 0 10 0
0 6 10 0 3 15 5 1 0 2 0 7 14 9 0 0 5 30 5 0 0 2 22 4 25 1 5 1 13 0 1 0 2 21 235 2 4 11 5 1 0 1 0 0 1 4 0 1 0 0 64 0 11 0 3 8 2 2 10 1 48 47 13 1 35 2 36 37 0 0 87 7 16 3 0 0 4 0 0 0 96 0 0 0 0 0 5 3 4 2 5 0 27 11 7 217 1 4 0 1 7 15 14 0 27 3 1 5 21 0
0 0 20 0 2 9 6 0 0 0 0 0 0 9 0 0 2 11 0 0 0 0 130 3 2 0 0 0 4 0 2 0 5 3 236 3 0 10 1 0 0 1 0 0 0 1 0 3 0 0 50 0 0 0 24 0 0 1 5 1 71 35 18 1 62 14 2 25 0 0 82 2 30 0 0 0 2 0 0 0 72 0 0 0 0 1 0 5 5 5 1 2 15 3 4 311 1 4 10 1 21 26 2 0 20 2 2 4 6 0
0 2 11 0 1 10 1 0 0 2 0 3 6 6 0 0 4 12 0 0 0 0 20 2 0 0 0 0 4 0 0 1 1 0 114 2 0 3 4 0 0 1 0 0 0 0 0 0 0 0 38 0 1 0 4 1 2 1 5 0 26 17 8 1 38 0 4 18 0 0 41 0 12 0 0 0 3 1 0 0 56 0 0 0 0 0 2 0 3 1 9 0 11 9 0 117 2 0 0 0 11 15 3 0 7 1 0 1 6 0
0 2 3 1 1 13 7 0 0 4 1 5 11 16 0 2 8 31 3 0 0 0 40 9 1 0 1 0 10 2 0 0 2 4 202 1 2 26 11 1 0 1 1 0 1 3 0 0 0 0 66 4 0 0 5 2 0 0 7 1 81 71 14 1 45 0 12 29 0 1 82 5 16 4 4 5 0 0 0 1 78 0 0 0 0 5 9 1 3 1 4 1 30 4 2 250 2 7 0 2 9 30 4 0 31 5 1 2 12 0
0 0 11 1 0 22 13 0 0 1 0 3 5 23 0 7 6 31 1 0 0 1 44 4 7 1 0 0 14 10 0 1 1 8 283 0 2 12 11 0 0 4 1 0 3 3 0 2 0 0 67 0 1 0 15 1 0 2 16 0 65 78 17 1 35 8 48 46 1 0 77 1 9 0 0 6 2 1 0 0 83 0 0 0 0 3 8 5 1 2 4 2 19 8 5 287 5 9 1 2 21 45 11 0 34 7 3 5 18 0
0 2 15 0 5 12 5 0 0 9 0 1 11 12 0 0 3 25 0 0 0 0 65 7 1 0 0 0 16 0 4 0 4 3 347 4 3 13 0 0 0 0 0 0 1 2 0 1 0 0 67 0 0 0 26 1 0 2 20 1 120 31 21 1 50 0 14 31 0 5 80 3 41 0 0 0 2 1 0 2 90 0 0 0 0 0 14 6 3 7 1 0 23 11 7 298 4 1 6 0 18 20 4 0 27 0 1 0 19 0
0 0 21 0 2 17 20 0 0 7 0 1 10 21 0 1 5 32 0 0 0 0 54 6 2 0 0 0 25 3 9 26 10 1 334 3 1 21 1 0 0 0 0 0 0 1 0 3 0 0 92 0 2 0 14 1 0 0 9 2 87 63 20 1 49 0 8 40 0 0 97 7 27 0 0 0 1 1 0 0 117 0 0 0 0 0 5 5 7 3 8 3 31 16 2 301 6 3 4 0 21 26 9 0 19 4 7 1 13 0
0 4 7 0 3 16 1 0 0 12 0 0 12 4 0 1 0 19 0 0 0 0 88 13 1 0 0 0 33 0 3 1 2 9 399 2 0 18 2 0 0 0 0 0 0 2 0 4 0 0 80 0 3 0 10 0 0 0 10 2 85 43 20 1 72 2 4 25 0 1 87 7 21 0 0 1 1 0 1 2 98 0 0 0 0 0 2 6 4 1 4 1 17 11 2 292 7 1 16 0 27 29 5 0 19 1 0 3 12 0
0 4 9 0 3 24 11 0 0 2 2 0 7 17 0 2 9 35 6 0 0 2 55 1 0 0 0 0 12 0 0 0 1 0 202 0 0 14 5 0 0 1 0 0 0 11 0 1 1 0 53 6 1 0 7 0 2 0 13 1 49 67 15 1 47 4 34 26 2 0 50 5 20 2 0 0 3 2 0 1 81 0 0 0 0 1 8 2 4 1 3 1 15 8 4 249 2 6 1 0 15 25 3 0 32 1 1 6 27 0
0 2 4 0 2 12 10 0 0 4 3 16 29 17 0 0 7 60 5 0 0 3 23 8 20 4 0 2 10 5 0 2 2 16 212 1 1 21 6 0 0 0 0 1 1 6 0 0 1 0 69 0 1 0 5 0 0 1 4 0 52 77 13 1 41 2 30 31 1 0 77 3 17 2 4 1 1 1 1 4 83 0 0 0 0 5 15 6 4 0 6 1 11 6 1 206 1 7 2 3 15 38 15 0 21 4 0 1 10 0
0 5 4 0 3 15 3 0 0 1 1 5 9 21 0 0 6 38 5 0 2 1 23 3 2 0 0 1 14 5 0 7 2 14 267 1 4 14 14 1 0 0 0 0 0 6 0 1 0 0 65 1 5 1 8 2 1 3 14 2 53 89 13 1 39 2 10 35 2 0 70 2 10 1 0 1 2 1 1 2 89 0 0 0 0 1 8 1 1 2 4 0 20 12 6 218 4 4 0 5 20 25 15 0 24 1 5 2 16 0
0 0 3 0 1 14 2 0 0 5 1 2 9 7 0 1 2 16 0 0 0 0 9 1 1 0 0 0 5 0 0 4 1 2 117 0 0 4 4 0 0 0 0 0 0 1 0 0 0 0 34 0 2 0 5 0 0 1 1 0 17 26 9 1 35 6 12 19 0 1 43 1 12 0 0 0 1 0 0 0 40 0 0 0 0 0 7 2 1 0 5 0 14 4 1 120 0 0 1 0 4 7 4 0 25 6 3 0 13 0
0 2 8 0 3 22 3 0 0 5 0 0 5 12 0 0 5 26 9 0 0 5 97 11 1 1 0 0 13 0 1 2 1 4 330 1 0 10 4 0 0 0 0 0 6 5 0 2 0 0 69 0 2 0 11 0 0 1 3 0 114 34 19 1 64 2 14 23 4 0 81 5 18 0 0 0 2 0 2 0 85 0 0 0 0 0 13 1 0 0 1 0 7 0 0 253 2 1 8 2 8 19 0 0 23 7 7 0 15 0
0 5 12 1 3 10 10 0 0 10 0 1 14 9 0 0 1 25 1 0 0 1 30 1 53 1 0 0 2 0 2 0 0 4 285 1 1 10 0 0 0 0 0 0 1 11 0 2 0 0 68 0 0 0 10 2 1 1 6 0 68 35 15 1 68 2 32 22 0 0 77 2 20 4 2 0 0 0 1 1 88 0 0 0 0 1 2 0 3 1 8 0 8 12 6 202 0 1 1 1 16 30 4 0 31 3 1 1 16 0
0 3 0 0 0 11 3 0 0 2 1 0 4 4 0 0 0 11 1 0 0 0 14 4 0 0 0 0 7 0 2 0 1 1 113 0 0 9 0 0 0 0 0 0 0 2 0 2 0 0 36 0 1 0 3 0 1 1 3 0 27 14 8 1 45 2 16 13 0 1 33 2 6 1 4 0 2 0 0 0 42 0 0 0 0 0 2 0 0 0 4 0 4 6 0 93 3 0 0 1 8 9 1 0 11 2 2 2 7 0
0 3 16 0 5 26 6 0 0 2 0 0 2 18 0 2 7 20 0 0 0 0 36 9 1 0 0 0 35 8 7 9 9 3 240 1 3 5 6 0 0 0 0 0 0 10 0 3 0 0 62 0 1 0 8 0 0 1 5 1 66 32 14 1 53 0 6 23 0 3 68 0 13 0 0 0 3 0 0 0 85 0 0 0 0 1 4 4 0 3 6 2 27 6 5 196 3 2 4 0 16 18 4 0 28 1 3 1 10 0
0 3 6 0 2 12 10 2 0 4 0 2 7 17 0 0 5 27 0 0 0 0 46 5 1 0 1 0 8 0 4 17 8 6 306 2 1 17 5 0 0 1 0 0 1 8 0 5 2 1 64 2 4 1 14 1 1 1 9 0 53 56 15 1 60 10 6 25 0 1 70 3 29 2 0 0 0 0 1 1 82 0 0 0 0 1 6 3 5 1 6 0 4 6 0 203 2 5 1 1 28 42 17 0 15 1 0 0 9 0
0 0 7 0 0 17 32 0 0 2 0 0 3 7 0 0 1 15 0 0 0 0 91 2 12 0 1 2 11 0 4 0 0 28 305 3 0 6 2 0 0 0 0 0 1 2 0 0 0 0 30 0 3 0 22 1 0 0 15 0 63 51 20 1 37 0 16 42 1 0 96 1 17 0 4 2 2 0 0 5 47 0 0 0 0 1 9 5 9 9 3 1 39 7 12 372 5 5 6 1 14 27 7 0 55 4 4 2 35 0
0 3 9 1 10 22 35 3 0 1 0 4 7 15 0 1 11 23 0 0 0 0 44 3 13 4 0 9 66 44 1 1 1 11 327 1 0 10 3 0 0 0 0 0 1 8 0 2 0 0 61 0 0 0 7 0 0 2 26 0 39 56 18 1 44 4 17 36 1 0 73 4 19 0 4 3 0 0 0 3 77 0 0 0 0 0 11 3 1 1 5 0 28 8 0 249 5 8 1 4 22 29 8 0 54 2 1 11 44 0
0 3 8 0 11 25 30 2 0 3 0 11 14 10 0 1 4 26 1 0 0 1 42 3 46 1 1 40 51 38 0 5 1 24 336 0 1 9 7 0 0 2 2 0 2 16 0 1 1 0 44 1 1 0 6 1 0 3 23 0 37 58 16 1 35 0 31 45 5 0 89 2 4 0 0 0 1 1 1 0 61 0 0 0 0 1 13 1 3 1 1 3 40 4 7 291 8 10 4 0 18 42 3 0 27 7 3 3 14 0
0 2 8 3 5 22 19 0 0 8 2 15 39 22 0 3 15 66 1 0 0 1 24 2 51 0 0 51 17 14 0 0 3 9 263 2 2 13 6 1 0 2 0 0 1 13 0 1 4 0 59 1 1 2 8 0 0 2 5 0 43 84 17 1 32 2 68 52 1 0 75 0 5 0 0 5 4 0 2 0 83 0 0 0 0 0 6 3 4 1 12 0 20 7 1 242 10 7 2 1 10 20 8 0 52 4 5 13 45 0
0 8 11 0 7 25 24 0 0 5 0 9 16 15 0 4 4 39 0 0 0 0 47 7 15 0 0 0 26 1 5 0 0 10 324 1 0 7 11 0 0 0 0 0 1 6 0 0 1 0 48 0 1 1 10 1 2 4 5 0 53 66 18 1 44 6 20 34 0 1 100 0 31 0 2 4 4 4 0 5 82 0 0 0 0 3 8 1 1 0 10 1 25 3 3 261 3 6 2 2 14 20 2 0 43 1 5 2 29 0
0 0 12 0 1 22 28 0 0 2 0 1 5 27 0 2 7 34 0 0 0 0 78 11 2 0 0 0 62 39 0 0 1 7 318 1 1 20 3 0 0 2 0 0 0 8 0 1 0 0 55 0 0 0 4 5 0 0 31 1 53 61 20 1 70 24 56 26 0 0 69 0 12 0 0 3 2 1 1 3 74 0 0 0 0 0 2 9 0 0 3 3 13 2 3 267 11 11 0 0 23 35 9 0 21 4 3 0 13 0
0 1 16 1 6 28 32 2 0 0 0 13 17 30 0 1 5 50 1 0 0 0 38 1 15 3 0 5 22 7 2 0 1 11 334 1 1 17 2 0 0 4 0 0 0 7 0 0 0 0 57 0 0 1 5 3 0 0 9 0 41 47 17 1 35 2 26 48 0 0 78 1 14 0 0 2 0 1 0 3 80 0 0 0 0 0 3 2 1 5 4 1 17 1 4 232 3 6 0 1 8 18 4 0 73 8 1 10 31 0
0 4 9 0 13 26 19 0 0 0 0 4 8 18 0 1 10 30 1 0 0 0 42 4 11 10 0 0 27 2 2 3 0 17 314 2 0 9 3 0 0 3 0 0 0 6 0 4 0 0 46 0 0 0 8 4 0 1 21 0 46 59 20 1 50 12 11 32 0 0 89 0 19 0 0 1 0 0 0 2 61 0 0 0 0 2 6 5 4 2 9 2 31 1 0 250 5 6 2 0 17 30 5 0 61 0 12 6 52 0
0 4 7 0 16 43 56 2 0 0 0 2 3 6 0 0 4 13 0 0 0 0 39 6 5 4 0 0 43 0 2 0 1 13 295 1 5 6 4 0 0 1 0 0 0 20 0 0 0 0 37 0 0 0 10 0 1 0 25 0 45 52 20 1 46 2 2 38 0 0 95 1 9 0 0 0 3 2 0 1 54 0 0 0 0 1 1 0 2 5 7 0 35 1 1 263 3 2 0 0 10 13 4 0 69 2 6 3 55 0
0 0 7 2 1 18 29 0 0 7 1 5 14 18 0 1 5 43 7 3 0 4 55 3 20 5 0 0 15 3 1 5 2 4 274 1 2 12 8 0 0 2 0 0 1 6 0 1 0 0 63 0 0 1 1 1 0 0 16 0 35 59 17 1 36 20 22 41 2 0 72 7 16 0 0 2 2 0 0 2 77 0 0 0 0 1 14 6 4 4 2 1 35 0 6 299 12 15 2 0 10 29 8 0 62 5 2 13 37 0
0 1 6 0 4 13 30 2 0 1 0 1 4 13 0 0 5 18 0 0 0 0 76 16 10 0 0 0 23 0 5 1 1 15 341 1 0 8 6 0 0 1 0 0 0 1 0 1 0 0 47 0 3 0 5 1 0 0 31 1 64 55 18 1 47 12 40 37 0 0 77 1 24 0 2 2 2 1 1 3 64 0 0 0 0 0 12 2 6 1 5 2 19 1 2 276 4 2 1 0 23 34 8 0 28 2 0 8 17 0
0 5 6 0 9 17 25 2 0 22 12 2 40 16 0 2 9 60 3 0 0 3 37 1 21 2 0 9 35 16 7 2 6 16 300 1 3 27 2 0 0 1 0 0 0 10 0 2 0 0 84 0 1 0 4 2 1 9 17 0 53 77 16 1 64 20 40 23 0 1 63 0 5 0 0 6 0 2 0 1 99 0 0 0 0 13 3 3 5 2 5 2 11 2 9 253 2 9 0 2 11 15 5 0 30 1 4 2 23 2
0 0 14 5 3 29 28 0 0 0 0 15 16 7 0 0 4 25 2 0 1 1 33 1 54 3 0 33 20 5 0 21 0 25 315 0 6 9 6 1 0 1 1 0 2 8 0 0 0 0 38 1 0 0 2 3 0 1 25 0 46 94 18 1 41 4 2 33 1 0 87 0 2 11 0 0 0 0 0 3 62 0 0 0 0 2 12 3 8 0 17 3 20 2 1 249 3 7 0 0 12 33 10 0 58 1 20 2 44 0
0 0 5 1 1 29 30 0 0 0 0 1 1 10 0 0 3 12 0 0 0 0 39 0 41 8 2 15 69 38 4 2 1 8 313 0 0 8 1 1 0 0 0 0 1 5 0 0 0 0 32 0 0 0 4 2 0 2 7 0 23 37 15 1 44 4 2 32 3 0 52 3 18 0 0 0 0 1 1 2 43 0 0 0 0 2 2 10 0 2 1 4 19 1 9 173 0 1 0 0 12 17 8 0 81 0 15 6 59 0
0 1 27 0 3 31 17 1 0 1 0 15 16 12 2 0 8 28 0 0 0 0 18 1 38 1 0 33 33 19 0 2 0 6 222 0 2 12 10 0 0 1 0 0 0 17 0 1 0 0 54 0 1 0 7 1 1 2 16 0 50 67 15 1 61 8 10 21 0 2 91 0 0 5 0 0 3 1 0 0 88 0 0 0 0 2 6 6 0 1 13 0 15 2 1 207 1 2 0 0 8 19 4 0 36 3 14 3 36 0
0 4 9 0 6 22 11 0 0 4 0 7 12 25 0 1 7 42 0 0 0 0 25 4 35 6 11 1 15 0 0 1 0 19 324 0 8 12 1 0 0 0 0 0 0 5 0 0 3 0 50 1 8 3 4 1 0 3 19 0 42 51 17 1 50 22 48 32 0 0 80 0 17 1 0 1 5 0 2 4 86 0 0 0 0 3 11 3 3 3 10 1 18 7 14 256 1 4 1 2 19 24 5 0 33 2 5 3 31 0
0 9 15 2 5 18 15 0 0 20 3 17 45 27 0 1 10 91 14 0 1 2 20 1 42 14 0 0 17 4 0 0 3 12 269 3 1 18 5 0 0 0 0 0 0 6 0 0 0 1 53 0 0 0 3 0 0 2 5 0 42 105 18 1 33 0 51 44 1 2 95 0 9 0 2 7 1 8 0 0 88 0 0 0 0 14 10 2 3 0 14 0 21 6 0 233 2 8 0 0 8 19 17 0 32 6 6 8 29 0
0 1 23 0 0 44 29 0 0 0 0 11 11 19 0 0 10 30 0 0 0 0 13 0 47 6 0 37 17 13 1 0 0 9 234 0 2 9 5 5 0 0 0 0 0 8 0 0 0 0 57 0 0 0 17 0 0 2 7 0 42 55 20 1 31 8 0 30 0 0 57 0 3 1 0 0 0 0 1 0 87 0 0 0 0 0 2 14 0 3 2 0 42 2 8 206 0 1 0 0 7 14 5 0 62 0 5 33 64 0
0 0 5 0 1 19 3 0 0 0 0 23 23 8 0 0 3 33 0 0 0 0 10 0 73 32 10 0 9 0 2 0 0 28 271 1 5 3 12 0 0 0 0 0 0 5 0 0 0 0 23 0 0 0 4 3 0 0 13 0 30 40 19 1 16 0 2 27 0 0 74 0 1 0 0 0 1 2 0 0 31 0 0 0 0 0 2 0 0 1 20 1 22 0 7 190 0 0 0 1 11 19 3 0 124 0 1 1 45 0
0 1 8 1 0 26 27 1 0 1 1 10 13 8 0 1 3 22 0 0 0 0 26 1 58 1 4 36 17 15 2 8 0 27 311 1 3 8 0 1 0 0 1 0 3 9 0 0 0 1 46 1 2 0 1 8 1 0 24 1 48 68 17 1 35 8 26 45 0 2 92 0 7 3 0 0 0 0 0 0 60 0 0 0 0 2 8 8 4 3 11 1 27 5 7 243 2 6 0 1 9 27 10 0 49 1 6 3 31 0
0 2 8 0 0 26 32 0 0 0 0 1 1 5 0 0 3 10 1 0 0 1 44 0 21 8 3 0 34 0 1 5 2 11 343 0 1 8 8 0 0 1 3 0 1 7 0 1 0 0 51 0 3 0 4 4 0 2 17 1 51 50 18 1 36 16 36 30 3 0 86 1 17 0 2 5 0 1 3 2 71 0 0 0 0 5 3 2 0 3 5 0 19 6 8 237 9 4 2 2 9 23 3 0 90 5 1 6 47 0
0 1 9 0 1 11 28 1 0 2 4 4 11 14 0 2 6 28 1 0 0 0 40 6 7 1 0 4 19 5 0 0 0 2 215 0 2 10 6 0 0 1 0 0 0 4 0 0 2 0 61 1 0 1 5 2 0 0 13 2 42 74 15 1 41 6 45 26 3 0 72 4 2 2 0 0 0 2 0 0 76 0 0 0 0 1 8 3 4 1 4 1 20 1 1 234 4 14 0 0 8 17 12 0 49 0 0 1 20 0
0 1 7 3 2 16 36 0 0 0 0 0 1 18 0 0 6 24 2 0 0 1 45 0 8 1 0 2 25 9 1 6 0 11 295 0 0 16 5 0 0 1 0 2 1 4 0 0 0 0 33 2 4 1 3 4 0 0 28 0 37 57 17 1 42 6 20 30 1 0 87 1 7 7 1 0 0 0 0 2 53 0 0 0 0 1 8 1 4 3 2 2 18 1 5 268 3 5 1 0 13 38 7 0 104 3 1 1 42 0
0 0 4 0 5 19 27 2 0 0 0 0 0 17 0 1 8 23 4 0 1 2 53 5 7 0 0 0 17 0 1 2 0 26 334 1 1 15 4 0 0 1 0 0 2 9 0 0 0 0 46 0 1 1 10 0 0 1 16 1 53 77 19 1 42 4 2 39 4 0 98 0 12 0 0 0 1 0 0 5 58 0 0 0 0 0 15 4 5 9 7 4 31 0 0 302 3 5 6 1 16 46 10 0 28 2 3 1 14 0
0 1 7 1 12 14 42 1 0 1 0 2 3 17 0 0 3 22 0 0 0 0 24 1 39 2 1 33 72 29 2 1 0 11 366 0 1 10 4 0 0 1 0 1 0 4 0 0 0 0 56 2 3 0 6 5 0 1 7 0 35 54 18 1 35 28 24 46 0 0 77 0 4 0 0 8 0 0 2 1 73 0 0 0 0 1 6 2 0 2 3 0 14 2 14 224 5 6 0 0 7 20 7 0 69 1 2 2 29 0
0 2 3 0 8 18 25 0 0 0 0 1 1 14 0 5 4 21 1 0 0 0 56 1 18 11 0 0 104 14 0 0 4 16 420 0 0 13 3 1 0 1 0 0 0 5 0 4 0 0 60 1 0 0 8 2 0 1 25 3 51 46 18 1 47 6 16 34 2 0 73 0 22 0 0 3 0 1 0 9 78 0 0 0 0 1 7 1 2 2 6 0 16 4 1 216 0 3 0 2 35 42 0 0 26 5 1 6 22 0
0 1 8 0 3 20 8 0 0 3 0 22 28 27 0 3 12 62 4 0 0 4 11 3 12 0 0 4 50 28 13 4 2 3 234 0 0 17 11 0 0 0 0 0 1 13 0 0 0 1 55 0 0 0 6 0 0 0 33 0 28 63 17 1 74 0 0 20 0 0 61 0 4 0 0 0 0 0 1 3 69 0 0 0 0 0 9 2 6 0 3 3 8 6 0 191 12 8 0 0 7 23 13 0 35 10 3 2 16 0
0 1 17 1 7 31 39 0 0 28 10 11 49 33 0 6 10 90 4 0 0 2 12 1 35 0 0 30 36 33 2 1 0 3 221 2 0 19 7 0 0 1 0 0 1 18 0 2 0 2 86 0 0 0 3 9 0 0 13 0 31 91 17 1 72 0 6 16 6 0 102 0 1 10 0 0 4 0 1 0 111 0 0 0 0 12 15 1 2 0 11 3 4 4 1 187 2 10 2 0 14 29 8 0 35 18 3 1 12 0
0 0 8 1 14 29 25 2 0 15 0 2 17 29 1 10 10 46 0 0 0 0 25 1 11 2 0 1 26 0 0 1 2 3 205 2 4 12 8 0 0 2 1 0 1 4 0 0 0 0 52 0 0 1 3 1 0 0 12 0 29 59 16 1 36 32 4 37 0 0 79 0 2 21 0 0 0 1 0 0 64 0 0 0 0 7 2 0 1 0 12 2 23 2 0 189 0 2 0 0 8 21 5 0 64 6 11 3 42 0
0 0 12 4 10 23 20 1 0 17 1 5 27 20 0 2 7 48 0 0 0 0 47 6 3 0 0 1 22 1 3 0 1 7 206 1 5 7 12 0 0 2 0 0 1 12 0 0 0 0 53 0 0 0 7 3 0 0 8 0 35 51 16 1 76 0 2 19 0 0 53 0 6 2 0 0 1 0 0 1 71 0 0 0 0 3 11 4 7 1 6 9 10 0 5 236 4 7 1 0 14 28 4 0 31 4 4 2 25 0
0 5 12 1 9 28 43 0 0 32 11 17 65 19 0 4 8 89 5 0 0 3 16 3 4 4 0 0 12 12 0 0 1 4 172 1 4 25 15 0 0 3 0 0 0 27 0 1 1 0 65 0 0 0 2 0 3 1 12 0 27 77 17 1 54 0 0 24 3 0 103 0 0 1 0 0 3 0 0 0 90 0 0 0 0 6 13 4 6 0 12 2 8 1 0 220 2 11 0 1 4 30 9 0 32 2 1 1 13 0
0 0 8 0 12 26 11 0 0 14 1 2 18 23 0 8 7 47 1 0 0 0 24 0 17 3 0 0 46 4 0 0 0 5 251 0 1 24 8 0 0 1 0 0 2 5 0 0 0 0 62 1 0 0 1 0 1 0 11 2 36 58 18 1 52 0 20 27 1 0 77 0 11 0 0 0 1 0 1 2 76 0 0 0 0 1 5 3 4 0 5 1 13 2 0 194 0 4 0 0 8 14 2 0 76 2 3 1 62 0
0 1 7 1 18 19 12 0 0 23 0 6 32 20 0 1 9 62 7 0 0 4 32 1 8 1 0 1 14 2 0 0 0 4 230 3 0 11 8 0 0 0 0 0 4 4 0 2 0 0 43 0 0 0 3 0 0 0 11 0 22 58 15 1 34 0 18 36 5 0 63 0 13 4 0 0 0 2 1 3 59 0 0 0 0 6 19 3 3 2 7 4 11 1 1 229 3 11 1 1 5 20 5 0 39 6 4 1 29 1
0 3 12 2 14 30 31 0 0 8 1 1 10 17 0 6 2 28 1 0 0 0 23 4 8 1 1 0 17 0 0 4 0 8 235 2 5 10 8 0 0 0 0 0 0 5 0 1 0 0 39 0 1 0 6 1 0 1 6 0 38 55 15 1 34 4 4 40 0 0 62 0 16 2 0 0 1 0 0 2 60 0 0 0 0 4 5 4 1 3 6 1 29 1 2 204 2 3 0 1 13 15 1 0 63 1 1 7 44 0
0 1 0 0 0 11 7 0 0 0 0 0 1 11 0 0 4 13 0 0 0 0 94 1 2 0 0 0 8 1 1 0 1 2 323 1 0 7 3 0 0 0 0 0 0 3 0 1 0 0 36 0 0 0 8 1 0 0 7 0 43 31 19 1 57 0 4 25 0 0 104 0 22 1 0 0 0 0 0 10 47 0 0 0 0 0 0 4 2 7 3 1 12 1 3 280 5 0 6 0 21 28 5 0 34 0 0 2 8 6
0 1 6 1 4 11 36 1 0 0 2 1 4 15 0 0 1 21 0 0 0 0 41 2 19 9 8 0 21 0 0 4 2 29 317 0 1 9 6 0 0 0 0 0 0 2 0 1 0 0 37 0 3 0 3 4 1 0 13 0 37 37 14 1 41 2 30 30 2 1 70 2 29 3 2 0 0 0 0 4 52 0 0 0 0 0 2 0 0 2 1 8 11 5 0 167 1 1 0 0 12 20 0 0 58 2 2 2 26 0
0 2 21 2 12 36 38 0 0 0 0 15 18 22 1 1 13 45 1 0 0 0 35 1 36 3 1 3 16 1 6 1 0 17 231 1 0 14 8 1 0 0 1 0 3 11 0 0 0 1 60 1 1 2 18 1 1 2 9 0 57 83 17 1 62 2 2 26 0 1 115 0 1 0 0 7 2 1 0 0 94 0 0 0 0 0 4 3 4 1 13 0 21 1 8 278 2 7 1 2 10 33 8 0 38 1 24 3 45 0
0 3 11 0 5 14 16 0 0 0 0 0 0 9 0 1 4 12 2 0 0 1 67 1 12 2 3 0 63 2 3 3 1 17 391 0 2 9 5 0 0 0 0 0 0 2 0 0 0 1 60 0 1 0 3 5 1 3 18 1 39 58 17 1 42 0 38 34 2 0 70 4 16 1 3 0 0 0 0 1 76 0 0 0 0 1 4 2 1 4 8 2 21 2 13 265 4 1 0 3 18 26 4 0 57 0 7 1 33 0
0 3 26 0 4 17 15 0 0 4 0 1 5 15 0 0 2 23 2 0 0 1 22 5 10 0 0 0 32 0 0 0 0 16 306 0 1 4 5 0 0 0 0 0 0 0 0 0 0 0 48 0 4 0 14 1 0 3 14 0 44 38 16 1 47 4 47 27 1 0 70 0 6 3 0 4 1 0 0 1 83 0 0 0 0 1 5 4 0 1 7 1 17 3 7 207 0 5 2 2 12 12 5 0 31 1 1 4 33 0
0 2 6 0 2 19 11 0 0 1 0 1 2 10 0 1 2 13 0 0 0 0 63 1 9 0 0 0 24 0 4 2 0 4 310 1 0 13 9 0 0 0 0 0 0 1 0 0 1 0 56 0 1 0 3 1 0 0 10 0 39 45 18 1 40 0 4 34 0 0 74 1 31 0 0 0 0 2 0 10 77 0 0 0 0 0 3 1 5 4 2 2 14 5 0 225 4 1 0 3 12 22 3 0 46 10 1 0 16 0
0 5 7 1 13 15 7 1 0 3 1 4 8 16 0 2 4 29 0 0 0 0 20 2 16 5 1 0 36 12 0 0 0 34 340 1 0 9 12 0 0 1 0 0 0 1 0 1 0 0 52 0 5 0 1 0 0 0 8 0 30 38 15 1 45 4 32 29 1 1 64 3 36 3 0 0 4 0 0 7 82 0 0 0 0 3 4 0 0 1 5 0 19 3 6 184 0 1 0 1 9 13 2 0 41 2 4 5 30 0
0 5 10 2 9 34 6 0 0 3 6 18 28 26 0 1 13 63 5 1 1 1 9 1 22 3 0 5 25 8 0 2 2 10 265 1 3 20 7 1 0 1 0 0 1 11 0 1 2 0 72 0 0 3 3 0 2 4 12 0 38 93 16 1 33 8 18 43 4 0 94 1 3 6 0 3 0 2 0 1 96 0 0 0 0 1 15 2 4 0 15 0 26 2 4 257 1 8 0 1 7 24 12 0 41 8 3 5 32 0
0 2 11 0 5 19 8 0 0 0 1 10 17 17 0 0 10 39 1 0 0 0 9 3 8 1 0 1 4 0 0 1 0 22 259 3 2 24 6 1 0 0 0 0 0 6 0 0 0 0 54 0 0 0 1 3 1 0 10 0 65 91 18 1 30 6 16 47 0 0 107 1 9 4 0 2 1 7 0 0 76 0 0 0 0 8 19 6 4 1 15 0 37 2 6 261 1 4 1 3 10 21 18 0 67 15 5 7 44 0
0 0 7 1 1 14 13 0 0 2 1 5 9 21 0 4 7 39 4 0 0 2 52 0 22 4 0 15 36 12 0 3 0 16 295 1 0 16 20 0 0 2 0 0 0 5 0 1 0 1 80 0 2 1 3 0 1 1 10 1 46 83 17 1 69 22 25 27 3 0 60 6 15 5 0 4 0 1 1 2 95 0 0 0 0 3 12 2 5 1 13 1 19 3 2 258 2 4 1 0 15 27 10 0 34 0 3 3 24 0
0 4 10 2 3 36 13 0 0 0 0 0 2 20 0 0 12 24 1 0 0 0 24 4 4 1 0 1 6 0 0 20 0 13 300 0 2 23 2 0 0 0 1 0 2 4 0 2 2 0 80 0 5 1 8 4 0 0 11 1 42 76 18 1 68 8 72 23 0 0 86 0 11 1 0 3 0 1 4 1 108 0 0 0 0 0 8 4 3 1 5 0 18 4 1 198 4 3 1 1 14 34 8 0 62 6 5 2 37 0
0 4 8 2 4 27 11 0 0 17 0 12 31 15 0 3 6 49 1 0 0 1 22 0 20 0 0 0 8 0 0 1 1 3 284 3 1 17 10 0 0 0 0 0 3 9 0 1 0 0 63 2 0 0 3 2 0 1 12 0 33 62 17 1 31 0 49 44 3 0 79 1 16 8 0 6 1 2 0 3 85 0 0 0 0 6 16 1 7 0 12 1 14 2 3 245 1 6 0 1 6 13 9 1 67 6 7 8 51 0
0 4 18 2 9 27 41 4 0 2 0 5 11 19 1 1 8 36 3 0 0 2 39 0 14 3 0 0 13 0 0 1 0 7 278 0 5 19 4 0 0 0 0 0 2 8 0 1 0 0 69 0 0 0 2 3 1 1 19 0 36 79 18 1 41 0 34 38 0 0 91 0 20 2 0 3 3 4 1 1 102 0 0 0 0 5 4 4 1 0 9 1 15 2 5 234 3 5 1 0 15 25 8 0 59 3 4 5 38 0
0 1 3 0 2 19 10 0 0 3 0 10 13 16 0 5 6 31 1 0 0 1 26 4 33 15 1 14 12 5 1 0 2 21 288 0 11 8 3 0 0 2 0 0 0 10 0 2 0 0 95 0 0 0 14 1 0 0 57 2 61 56 17 1 38 8 27 43 2 0 50 0 11 4 2 1 1 0 6 3 109 0 0 0 0 2 12 4 0 1 2 2 13 0 10 242 7 15 2 1 15 23 3 0 57 17 3 4 33 0
0 2 12 0 3 21 11 0 0 5 0 8 15 14 0 1 4 34 3 0 0 2 47 4 8 0 1 2 14 0 0 1 5 8 260 0 3 18 4 0 0 1 0 0 0 5 0 0 3 0 48 0 2 3 7 28 1 0 17 2 67 91 17 1 36 4 28 41 2 1 81 0 16 2 0 1 4 1 1 1 74 0 0 0 0 5 7 4 5 2 8 0 31 10 0 304 3 5 1 2 13 31 11 0 34 4 0 3 25 0
0 3 15 3 7 20 12 0 0 1 0 23 27 18 0 2 9 47 1 0 0 0 41 10 19 3 0 13 23 23 3 0 2 12 283 1 3 15 1 0 0 1 1 1 0 10 0 2 0 0 83 3 2 0 6 0 1 1 25 0 54 81 17 1 46 0 38 38 0 0 72 3 3 2 2 1 1 0 1 1 113 0 0 0 0 0 8 5 6 3 3 0 45 6 2 303 10 4 4 3 18 32 12 0 26 2 3 3 18 0
0 0 13 2 3 12 9 2 0 10 14 20 54 22 0 4 8 93 11 0 1 4 17 1 22 0 1 17 34 11 1 6 0 3 289 0 0 28 10 1 0 0 0 0 4 7 0 0 0 0 80 1 1 0 2 1 1 1 4 0 54 73 15 1 34 12 22 37 12 0 89 1 7 9 0 1 2 1 1 1 103 0 0 0 0 3 13 2 8 1 10 1 8 5 8 248 4 13 3 3 13 29 11 0 36 9 3 1 24 0
0 0 11 1 3 22 12 0 0 1 0 5 9 18 0 0 11 28 0 0 0 0 32 1 11 1 2 8 120 89 4 1 0 7 390 1 3 19 4 0 0 1 1 0 4 8 0 0 1 0 72 1 1 0 8 4 1 1 24 0 29 68 16 1 41 18 20 44 1 1 75 0 7 6 0 1 1 1 1 1 94 0 0 0 0 1 3 1 5 2 3 3 7 4 1 215 8 5 4 1 10 28 11 0 41 3 2 0 20 0
0 2 10 7 7 16 12 0 0 6 5 21 39 24 0 1 14 69 3 0 0 2 21 2 53 2 0 6 8 4 0 5 3 7 246 3 6 21 8 0 0 0 0 1 1 11 0 4 0 0 64 1 1 0 4 2 2 2 11 2 51 107 14 1 46 2 52 28 4 2 93 1 3 4 4 2 2 3 1 1 93 0 0 0 0 10 8 4 2 1 3 0 28 5 4 250 3 10 7 4 7 22 14 0 34 7 8 1 20 0
0 1 10 2 4 21 10 0 0 4 3 8 16 20 0 1 11 44 3 0 0 2 36 2 6 2 0 1 8 0 1 1 2 13 244 0 5 29 8 0 0 2 2 0 1 6 0 1 8 1 60 1 4 5 3 3 2 1 11 0 54 109 15 1 41 0 49 33 4 2 92 3 6 7 2 1 0 1 0 1 85 0 0 0 0 6 7 5 10 3 10 1 10 2 0 248 4 9 0 3 7 36 13 0 43 9 5 4 26 0
0 2 16 3 1 30 15 0 0 4 0 19 29 22 1 0 14 58 5 0 0 1 42 6 55 5 0 50 10 9 0 0 0 7 263 0 4 21 4 0 0 3 0 0 1 9 0 1 1 0 81 3 2 1 4 0 0 2 17 0 45 94 16 1 38 2 6 42 2 1 88 1 10 3 0 0 1 1 1 0 111 0 0 0 0 2 16 7 1 1 5 1 23 4 2 247 2 11 0 1 17 35 7 0 40 9 2 2 21 0
0 2 15 2 3 29 4 1 0 3 1 11 18 31 0 2 15 56 1 0 0 1 17 4 21 1 1 4 2 1 0 0 1 9 264 3 6 22 5 2 0 1 1 0 1 3 0 3 1 0 97 1 1 2 3 6 2 0 12 0 54 76 16 1 53 20 12 29 3 0 90 0 15 1 4 1 2 0 1 0 125 0 0 0 0 6 14 2 5 1 7 1 32 5 9 270 2 3 0 3 17 37 12 0 41 6 6 1 33 0
0 1 3 0 4 18 5 1 0 1 2 13 18 18 0 2 3 44 3 0 0 0 14 4 5 3 0 1 1 0 0 2 2 19 247 2 3 15 9 2 0 0 0 0 2 3 0 2 0 0 66 0 3 1 9 12 1 5 18 0 66 81 16 1 56 36 20 23 4 0 88 0 19 6 6 2 2 3 1 1 83 0 0 0 0 7 5 1 1 0 15 0 24 6 8 266 1 7 1 3 15 28 22 0 30 4 1 0 33 1
0 3 17 0 9 34 9 0 0 6 0 17 30 23 0 2 11 66 7 0 2 3 18 11 16 0 1 12 8 3 0 2 0 7 226 2 2 14 4 1 0 1 0 0 0 10 0 3 0 0 90 0 0 1 4 6 0 1 11 0 58 83 16 1 58 16 40 25 3 0 76 1 11 3 2 1 3 3 3 1 122 0 0 0 0 1 5 7 4 1 14 0 25 3 5 239 5 10 1 7 8 24 8 0 42 8 4 4 31 0
0 0 10 0 2 12 22 0 0 1 0 0 7 21 0 3 8 38 8 0 5 1 50 4 0 0 0 0 8 0 0 1 0 8 243 1 1 14 5 0 0 0 2 0 1 2 0 0 0 0 53 2 1 0 11 0 1 0 19 1 57 91 17 1 34 2 59 43 2 1 102 0 14 0 2 1 1 2 1 2 73 0 0 0 0 1 16 4 6 1 5 0 18 4 12 285 7 4 0 2 17 43 21 0 43 4 1 9 30 0
0 3 4 1 4 18 8 0 0 2 0 3 5 15 0 3 6 31 6 0 0 3 54 0 0 0 0 0 10 3 0 1 2 6 263 0 3 17 8 0 0 0 0 0 1 1 0 1 0 0 75 0 0 0 8 5 0 0 10 0 54 97 20 1 37 4 36 41 2 0 90 4 18 0 0 3 0 0 0 4 88 0 0 0 0 0 24 7 5 4 6 1 30 2 7 337 4 5 0 3 15 38 15 0 31 7 0 1 15 0
0 1 9 0 2 14 24 1 0 0 0 1 4 28 0 6 4 40 3 0 0 3 69 0 4 1 0 0 12 0 3 0 3 7 268 0 0 19 5 0 0 4 0 0 2 0 0 2 0 0 55 1 0 0 20 0 0 0 16 2 52 86 19 1 46 14 62 36 2 0 102 4 6 0 0 4 0 0 0 5 71 0 0 0 0 2 18 4 11 7 3 2 24 3 7 314 16 1 6 3 22 36 7 0 28 0 3 1 29 0
0 0 12 2 6 12 15 0 0 1 0 4 5 22 0 2 9 37 8 0 0 6 46 12 0 0 0 0 15 0 3 2 0 10 294 1 7 6 9 0 0 1 1 0 3 6 0 0 1 1 56 1 1 0 9 4 0 0 8 0 59 81 18 1 33 8 28 45 6 0 105 1 13 4 0 0 1 0 1 5 79 0 0 0 0 2 16 5 3 1 3 2 14 3 6 283 20 8 2 3 15 43 15 0 25 6 1 0 19 0
0 1 5 0 2 14 4 0 0 4 0 1 6 17 0 3 5 26 1 0 0 1 37 7 2 0 0 0 10 2 0 0 2 13 246 1 0 16 5 0 0 3 1 0 1 1 0 5 0 0 49 3 5 0 14 4 0 0 7 1 61 58 14 1 44 0 44 28 0 2 90 2 17 1 0 0 3 0 3 2 71 0 0 0 0 1 8 7 3 1 3 0 15 5 3 234 6 6 0 2 12 26 6 0 24 6 4 3 15 0
0 0 2 0 6 13 11 0 0 7 0 0 7 6 0 0 4 15 0 0 0 0 70 9 1 0 0 0 1 0 2 0 2 0 241 1 0 9 1 0 0 0 0 0 1 0 0 1 0 0 41 0 0 0 28 0 0 1 6 0 102 53 19 1 57 0 6 27 0 0 86 0 24 1 0 0 2 0 0 0 45 0 0 0 0 1 3 10 7 5 2 0 13 6 0 277 2 3 4 2 23 30 7 0 22 1 4 0 9 0
0 1 7 1 6 12 13 0 0 7 0 0 7 11 0 0 2 19 0 0 0 0 70 8 0 0 0 0 2 0 1 0 5 1 245 6 1 13 1 0 0 0 0 0 0 9 0 3 0 0 55 0 0 0 25 0 2 1 5 1 94 52 17 1 49 0 4 32 0 0 86 0 15 1 0 0 3 1 2 0 70 0 0 0 0 0 3 1 10 3 1 0 14 9 2 277 4 4 8 1 20 23 6 0 21 4 4 0 10 0
0 6 10 0 3 15 5 1 0 2 0 7 14 9 0 0 5 30 5 0 0 2 22 4 25 1 5 1 13 0 1 0 2 21 235 2 4 11 5 1 0 1 0 0 1 4 0 1 0 0 64 0 11 0 3 8 2 2 10 1 48 47 13 1 35 2 36 37 0 0 87 7 16 3 0 0 4 0 0 0 96 0 0 0 0 0 5 3 4 2 5 0 27 11 7 217 1 4 0 1 7 15 14 0 27 3 1 5 21 0
0 0 20 0 2 9 6 0 0 0 0 0 0 9 0 0 2 11 0 0 0 0 130 3 2 0 0 0 4 0 2 0 5 3 236 3 0 10 1 0 0 1 0 0 0 1 0 3 0 0 50 0 0 0 24 0 0 1 5 1 71 35 18 1 62 14 2 25 0 0 82 2 30 0 0 0 2 0 0 0 72 0 0 0 0 1 0 5 5 5 1 2 15 3 4 311 1 4 10 1 21 26 2 0 20 2 2 4 6 0
0 2 11 0 1 10 1 0 0 2 0 3 6 6 0 0 4 12 0 0 0 0 20 2 0 0 0 0 4 0 0 1 1 0 114 2 0 3 4 0 0 1 0 0 0 0 0 0 0 0 38 0 1 0 4 1 2 1 5 0 26 17 8 1 38 0 4 18 0 0 41 0 12 0 0 0 3 1 0 0 56 0 0 0 0 0 2 0 3 1 9 0 11 9 0 117 2 0 0 0 11 15 3 0 7 1 0 1 6 0
0 2 3 1 1 13 7 0 0 4 1 5 11 16 0 2 8 31 3 0 0 0 40 9 1 0 1 0 10 2 0 0 2 4 202 1 2 26 11 1 0 1 1 0 1 3 0 0 0 0 66 4 0 0 5 2 0 0 7 1 81 71 14 1 45 0 12 29 0 1 82 5 16 4 4 5 0 0 0 1 78 0 0 0 0 5 9 1 3 1 4 1 30 4 2 250 2 7 0 2 9 30 4 0 31 5 1 2 12 0
0 0 11 1 0 22 13 0 0 1 0 3 5 23 0 7 6 31 1 0 0 1 44 4 7 1 0 0 14 10 0 1 1 8 283 0 2 12 11 0 0 4 1 0 3 3 0 2 0 0 67 0 1 0 15 1 0 2 16 0 65 78 17 1 35 8 48 46 1 0 77 1 9 0 0 6 2 1 0 0 83 0 0 0 0 3 8 5 1 2 4 2 19 8 5 287 5 9 1 2 21 45 11 0 34 7 3 5 18 0
0 2 15 0 5 12 5 0 0 9 0 1 11 12 0 0 3 25 0 0 0 0 65 7 1 0 0 0 16 0 4 0 4 3 347 4 3 13 0 0 0 0 0 0 1 2 0 1 0 0 67 0 0 0 26 1 0 2 20 1 120 31 21 1 50 0 14 31 0 5 80 3 41 0 0 0 2 1 0 2 90 0 0 0 0 0 14 6 3 7 1 0 23 11 7 298 4 1 6 0 18 20 4 0 27 0 1 0 19 0
0 0 21 0 2 17 20 0 0 7 0 1 10 21 0 1 5 32 0 0 0 0 54 6 2 0 0 0 25 3 9 26 10 1 334 3 1 21 1 0 0 0 0 0 0 1 0 3 0 0 92 0 2 0 14 1 0 0 9 2 87 63 20 1 49 0 8 40 0 0 97 7 27 0 0 0 1 1 0 0 117 0 0 0 0 0 5 5 7 3 8 3 31 16 2 301 6 3 4 0 21 26 9 0 19 4 7 1 13 0
0 4 7 0 3 16 1 0 0 12 0 0 12 4 0 1 0 19 0 0 0 0 88 13 1 0 0 0 33 0 3 1 2 9 399 2 0 18 2 0 0 0 0 0 0 2 0 4 0 0 80 0 3 0 10 0 0 0 10 2 85 43 20 1 72 2 4 25 0 1 87 7 21 0 0 1 1 0 1 2 98 0 0 0 0 0 2 6 4 1 4 1 17 11 2 292 7 1 16 0 27 29 5 0 19 1 0 3 12 0
0 4 9 0 3 24 11 0 0 2 2 0 7 17 0 2 9 35 6 0 0 2 55 1 0 0 0 0 12 0 0 0 1 0 202 0 0 14 5 0 0 1 0 0 0 11 0 1 1 0 53 6 1 0 7 0 2 0 13 1 49 67 15 1 47 4 34 26 2 0 50 5 20 2 0 0 3 2 0 1 81 0 0 0 0 1 8 2 4 1 3 1 15 8 4 249 2 6 1 0 15 25 3 0 32 1 1 6 27 0
0 2 4 0 2 12 10 0 0 4 3 16 29 17 0 0 7 60 5 0 0 3 23 8 20 4 0 2 10 5 0 2 2 16 212 1 1 21 6 0 0 0 0 1 1 6 0 0 1 0 69 0 1 0 5 0 0 1 4 0 52 77 13 1 41 2 30 31 1 0 77 3 17 2 4 1 1 1 1 4 83 0 0 0 0 5 15 6 4 0 6 1 11 6 1 206 1 7 2 3 15 38 15 0 21 4 0 1 10 0
0 5 4 0 3 15 3 0 0 1 1 5 9 21 0 0 6 38 5 0 2 1 23 3 2 0 0 1 14 5 0 7 2 14 267 1 4 14 14 1 0 0 0 0 0 6 0 1 0 0 65 1 5 1 8 2 1 3 14 2 53 89 13 1 39 2 10 35 2 0 70 2 10 1 0 1 2 1 1 2 89 0 0 0 0 1 8 1 1 2 4 0 20 12 6 218 4 4 0 5 20 25 15 0 24 1 5 2 16 0
0 0 3 0 1 14 2 0 0 5 1 2 9 7 0 1 2 16 0 0 0 0 9 1 1 0 0 0 5 0 0 4 1 2 117 0 0 4 4 0 0 0 0 0 0 1 0 0 0 0 34 0 2 0 5 0 0 1 1 0 17 26 9 1 35 6 12 19 0 1 43 1 12 0 0 0 1 0 0 0 40 0 0 0 0 0 7 2 1 0 5 0 14 4 1 120 0 0 1 0 4 7 4 0 25 6 3 0 13 0
0 2 8 0 3 22 3 0 0 5 0 0 5 12 0 0 5 26 9 0 0 5 97 11 1 1 0 0 13 0 1 2 1 4 330 1 0 10 4 0 0 0 0 0 6 5 0 2 0 0 69 0 2 0 11 0 0 1 3 0 114 34 19 1 64 2 14 23 4 0 81 5 18 0 0 0 2 0 2 0 85 0 0 0 0 0 13 1 0 0 1 0 7 0 0 253 2 1 8 2 8 19 0 0 23 7 7 0 15 0
0 5 12 1 3 10 10 0 0 10 0 1 14 9 0 0 1 25 1 0 0 1 30 1 53 1 0 0 2 0 2 0 0 4 285 1 1 10 0 0 0 0 0 0 1 11 0 2 0 0 68 0 0 0 10 2 1 1 6 0 68 35 15 1 68 2 32 22 0 0 77 2 20 4 2 0 0 0 1 1 88 0 0 0 0 1 2 0 3 1 8 0 8 12 6 202 0 1 1 1 16 30 4 0 31 3 1 1 16 0
0 3 0 0 0 11 3 0 0 2 1 0 4 4 0 0 0 11 1 0 0 0 14 4 0 0 0 0 7 0 2 0 1 1 113 0 0 9 0 0 0 0 0 0 0 2 0 2 0 0 36 0 1 0 3 0 1 1 3 0 27 14 8 1 45 2 16 13 0 1 33 2 6 1 4 0 2 0 0 0 42 0 0 0 0 0 2 0 0 0 4 0 4 6 0 93 3 0 0 1 8 9 1 0 11 2 2 2 7 0
0 3 16 0 5 26 6 0 0 2 0 0 2 18 0 2 7 20 0 0 0 0 36 9 1 0 0 0 35 8 7 9 9 3 240 1 3 5 6 0 0 0 0 0 0 10 0 3 0 0 62 0 1 0 8 0 0 1 5 1 66 32 14 1 53 0 6 23 0 3 68 0 13 0 0 0 3 0 0 0 85 0 0 0 0 1 4 4 0 3 6 2 27 6 5 196 3 2 4 0 16 18 4 0 28 1 3 1 10 0
0 3 6 0 2 12 10 2 0 4 0 2 7 17 0 0 5 27 0 0 0 0 46 5 1 0 1 0 8 0 4 17 8 6 306 2 1 17 5 0 0 1 0 0 1 8 0 5 2 1 64 2 4 1 14 1 1 1 9 0 53 56 15 1 60 10 6 25 0 1 70 3 29 2 0 0 0 0 1 1 82 0 0 0 0 1 6 3 5 1 6 0 4 6 0 203 2 5 1 1 28 42 17 0 15 1 0 0 9 0
0 0 7 0 0 17 32 0 0 2 0 0 3 7 0 0 1 15 0 0 0 0 91 2 12 0 1 2 11 0 4 0 0 28 305 3 0 6 2 0 0 0 0 0 1 2 0 0 0 0 30 0 3 0 22 1 0 0 15 0 63 51 20 1 37 0 16 42 1 0 96 1 17 0 4 2 2 0 0 5 47 0 0 0 0 1 9 5 9 9 3 1 39 7 12 372 5 5 6 1 14 27 7 0 55 4 4 2 35 0
0 3 9 1 10 22 35 3 0 1 0 4 7 15 0 1 11 23 0 0 0 0 44 3 13 4 0 9 66 44 1 1 1 11 327 1 0 10 3 0 0 0 0 0 1 8 0 2 0 0 61 0 0 0 7 0 0 2 26 0 39 56 18 1 44 4 17 36 1 0 73 4 19 0 4 3 0 0 0 3 77 0 0 0 0 0 11 3 1 1 5 0 28 8 0 249 5 8 1 4 22 29 8 0 54 2 1 11 44 0
0 3 8 0 11 25 30 2 0 3 0 11 14 10 0 1 4 26 1 0 0 1 42 3 46 1 1 40 51 38 0 5 1 24 336 0 1 9 7 0 0 2 2 0 2 16 0 1 1 0 44 1 1 0 6 1 0 3 23 0 37 58 16 1 35 0 31 45 5 0 89 2 4 0 0 0 1 1 1 0 61 0 0 0 0 1 13 1 3 1 1 3 40 4 7 291 8 10 4 0 18 42 3 0 27 7 3 3 14 0
0 2 8 3 5 22 19 0 0 8 2 15 39 22 0 3 15 66 1 0 0 1 24 2 51 0 0 51 17 14 0 0 3 9 263 2 2 13 6 1 0 2 0 0 1 13 0 1 4 0 59 1 1 2 8 0 0 2 5 0 43 84 17 1 32 2 68 52 1 0 75 0 5 0 0 5 4 0 2 0 83 0 0 0 0 0 6 3 4 1 12 0 20 7 1 242 10 7 2 1 10 20 8 0 52 4 5 13 45 0
0 8 11 0 7 25 24 0 0 5 0 9 16 15 0 4 4 39 0 0 0 0 47 7 15 0 0 0 26 1 5 0 0 10 324 1 0 7 11 0 0 0 0 0 1 6 0 0 1 0 48 0 1 1 10 1 2 4 5 0 53 66 18 1 44 6 20 34 0 1 100 0 31 0 2 4 4 4 0 5 82 0 0 0 0 3 8 1 1 0 10 1 25 3 3 261 3 6 2 2 14 20 2 0 43 1 5 2 29 0
0 0 12 0 1 22 28 0 0 2 0 1 5 27 0 2 7 34 0 0 0 0 78 11 2 0 0 0 62 39 0 0 1 7 318 1 1 20 3 0 0 2 0 0 0 8 0 1 0 0 55 0 0 0 4 5 0 0 31 1 53 61 20 1 70 24 56 26 0 0 69 0 12 0 0 3 2 1 1 3 74 0 0 0 0 0 2 9 0 0 3 3 13 2 3 267 11 11 0 0 23 35 9 0 21 4 3 0 13 0
0 1 16 1 6 28 32 2 0 0 0 13 17 30 0 1 5 50 1 0 0 0 38 1 15 3 0 5 22 7 2 0 1 11 334 1 1 17 2 0 0 4 0 0 0 7 0 0 0 0 57 0 0 1 5 3 0 0 9 0 41 47 17 1 35 2 26 48 0 0 78 1 14 0 0 2 0 1 0 3 80 0 0 0 0 0 3 2 1 5 4 1 17 1 4 232 3 6 0 1 8 18 4 0 73 8 1 10 31 0
0 4 9 0 13 26 19 0 0 0 0 4 8 18 0 1 10 30 1 0 0 0 42 4 11 10 0 0 27 2 2 3 0 17 314 2 0 9 3 0 0 3 0 0 0 6 0 4 0 0 46 0 0 0 8 4 0 1 21 0 46 59 20 1 50 12 11 32 0 0 89 0 19 0 0 1 0 0 0 2 61 0 0 0 0 2 6 5 4 2 9 2 31 1 0 250 5 6 2 0 17 30 5 0 61 0 12 6 52 0
0 4 7 0 16 43 56 2 0 0 0 2 3 6 0 0 4 13 0 0 0 0 39 6 5 4 0 0 43 0 2 0 1 13 295 1 5 6 4 0 0 1 0 0 0 20 0 0 0 0 37 0 0 0 10 0 1 0 25 0 45 52 20 1 46 2 2 38 0 0 95 1 9 0 0 0 3 2 0 1 54 0 0 0 0 1 1 0 2 5 7 0 35 1 1 263 3 2 0 0 10 13 4 0 69 2 6 3 55 0
0 0 7 2 1 18 29 0 0 7 1 5 14 18 0 1 5 43 7 3 0 4 55 3 20 5 0 0 15 3 1 5 2 4 274 1 2 12 8 0 0 2 0 0 1 6 0 1 0 0 63 0 0 1 1 1 0 0 16 0 35 59 17 1 36 20 22 41 2 0 72 7 16 0 0 2 2 0 0 2 77 0 0 0 0 1 14 6 4 4 2 1 35 0 6 299 12 15 2 0 10 29 8 0 62 5 2 13 37 0
0 1 6 0 4 13 30 2 0 1 0 1 4 13 0 0 5 18 0 0 0 0 76 16 10 0 0 0 23 0 5 1 1 15 341 1 0 8 6 0 0 1 0 0 0 1 0 1 0 0 47 0 3 0 5 1 0 0 31 1 64 55 18 1 47 12 40 37 0 0 77 1 24 0 2 2 2 1 1 3 64 0 0 0 0 0 12 2 6 1 5 2 19 1 2 276 4 2 1 0 23 34 8 0 28 2 0 8 17 0
0 5 6 0 9 17 25 2 0 22 12 2 40 16 0 2 9 60 3 0 0 3 37 1 21 2 0 9 35 16 7 2 6 16 300 1 3 27 2 0 0 1 0 0 0 10 0 2 0 0 84 0 1 0 4 2 1 9 17 0 53 77 16 1 64 20 40 23 0 1 63 0 5 0 0 6 0 2 0 1 99 0 0 0 0 13 3 3 5 2 5 2 11 2 9 253 2 9 0 2 11 15 5 0 30 1 4 2 23 2
0 0 14 5 3 29 28 0 0 0 0 15 16 7 0 0 4 25 2 0 1 1 33 1 54 3 0 33 20 5 0 21 0 25 315 0 6 9 6 1 0 1 1 0 2 8 0 0 0 0 38 1 0 0 2 3 0 1 25 0 46 94 18 1 41 4 2 33 1 0 87 0 2 11 0 0 0 0 0 3 62 0 0 0 0 2 12 3 8 0 17 3 20 2 1 249 3 7 0 0 12 33 10 0 58 1 20 2 44 0
0 0 5 1 1 29 30 0 0 0 0 1 1 10 0 0 3 12 0 0 0 0 39 0 41 8 2 15 69 38 4 2 1 8 313 0 0 8 1 1 0 0 0 0 1 5 0 0 0 0 32 0 0 0 4 2 0 2 7 0 23 37 15 1 44 4 2 32 3 0 52 3 18 0 0 0 0 1 1 2 43 0 0 0 0 2 2 10 0 2 1 4 19 1 9 173 0 1 0 0 12 17 8 0 81 0 15 6 59 0
0 1 27 0 3 31 17 1 0 1 0 15 16 12 2 0 8 28 0 0 0 0 18 1 38 1 0 33 33 19 0 2 0 6 222 0 2 12 10 0 0 1 0 0 0 17 0 1 0 0 54 0 1 0 7 1 1 2 16 0 50 67 15 1 61 8 10 21 0 2 91 0 0 5 0 0 3 1 0 0 88 0 0 0 0 2 6 6 0 1 13 0 15 2 1 207 1 2 0 0 8 19 4 0 36 3 14 3 36 0
0 4 9 0 6 22 11 0 0 4 0 7 12 25 0 1 7 42 0 0 0 0 25 4 35 6 11 1 15 0 0 1 0 19 324 0 8 12 1 0 0 0 0 0 0 5 0 0 3 0 50 1 8 3 4 1 0 3 19 0 42 51 17 1 50 22 48 32 0 0 80 0 17 1 0 1 5 0 2 4 86 0 0 0 0 3 11 3 3 3 10 1 18 7 14 256 1 4 1 2 19 24 5 0 33 2 5 3 31 0
0 9 15 2 5 18 15 0 0 20 3 17 45 27 0 1 10 91 14 0 1 2 20 1 42 14 0 0 17 4 0 0 3 12 269 3 1 18 5 0 0 0 0 0 0 6 0 0 0 1 53 0 0 0 3 0 0 2 5 0 42 105 18 1 33 0 51 44 1 2 95 0 9 0 2 7 1 8 0 0 88 0 0 0 0 14 10 2 3 0 14 0 21 6 0 233 2 8 0 0 8 19 17 0 32 6 6 8 29 0
0 1 23 0 0 44 29 0 0 0 0 11 11 19 0 0 10 30 0 0 0 0 13 0 47 6 0 37 17 13 1 0 0 9 234 0 2 9 5 5 0 0 0 0 0 8 0 0 0 0 57 0 0 0 17 0 0 2 7 0 42 55 20 1 31 8 0 30 0 0 57 0 3 1 0 0 0 0 1 0 87 0 0 0 0 0 2 14 0 3 2 0 42 2 8 206 0 1 0 0 7 14 5 0 62 0 5 33 64 0
0 0 5 0 1 19 3 0 0 0 0 23 23 8 0 0 3 33 0 0 0 0 10 0 73 32 10 0 9 0 2 0 0 28 271 1 5 3 12 0 0 0 0 0 0 5 0 0 0 0 23 0 0 0 4 3 0 0 13 0 30 40 19 1 16 0 2 27 0 0 74 0 1 0 0 0 1 2 0 0 31 0 0 0 0 0 2 0 0 1 20 1 22 0 7 190 0 0 0 1 11 19 3 0 124 0 1 1 45 0
0 1 8 1 0 26 27 1 0 1 1 10 13 8 0 1 3 22 0 0 0 0 26 1 58 1 4 36 17 15 2 8 0 27 311 1 3 8 0 1 0 0 1 0 3 9 0 0 0 1 46 1 2 0 1 8 1 0 24 1 48 68 17 1 35 8 26 45 0 2 92 0 7 3 0 0 0 0 0 0 60 0 0 0 0 2 8 8 4 3 11 1 27 5 7 243 2 6 0 1 9 27 10 0 49 1 6 3 31 0
0 2 8 0 0 26 32 0 0 0 0 1 1 5 0 0 3 10 1 0 0 1 44 0 21 8 3 0 34 0 1 5 2 11 343 0 1 8 8 0 0 1 3 0 1 7 0 1 0 0 51 0 3 0 4 4 0 2 17 1 51 50 18 1 36 16 36 30 3 0 86 1 17 0 2 5 0 1 3 2 71 0 0 0 0 5 3 2 0 3 5 0 19 6 8 237 9 4 2 2 9 23 3 0 90 5 1 6 47 0
0 1 9 0 1 11 28 1 0 2 4 4 11 14 0 2 6 28 1 0 0 0 40 6 7 1 0 4 19 5 0 0 0 2 215 0 2 10 6 0 0 1 0 0 0 4 0 0 2 0 61 1 0 1 5 2 0 0 13 2 42 74 15 1 41 6 45 26 3 0 72 4 2 2 0 0 0 2 0 0 76 0 0 0 0 1 8 3 4 1 4 1 20 1 1 234 4 14 0 0 8 17 12 0 49 0 0 1 20 0
0 1 7 3 2 16 36 0 0 0 0 0 1 18 0 0 6 24 2 0 0 1 45 0 8 1 0 2 25 9 1 6 0 11 295 0 0 16 5 0 0 1 0 2 1 4 0 0 0 0 33 2 4 1 3 4 0 0 28 0 37 57 17 1 42 6 20 30 1 0 87 1 7 7 1 0 0 0 0 2 53 0 0 0 0 1 8 1 4 3 2 2 18 1 5 268 3 5 1 0 13 38 7 0 104 3 1 1 42 0
0 0 4 0 5 19 27 2 0 0 0 0 0 17 0 1 8 23 4 0 1 2 53 5 7 0 0 0 17 0 1 2 0 26 334 1 1 15 4 0 0 1 0 0 2 9 0 0 0 0 46 0 1 1 10 0 0 1 16 1 53 77 19 1 42 4 2 39 4 0 98 0 12 0 0 0 1 0 0 5 58 0 0 0 0 0 15 4 5 9 7 4 31 0 0 302 3 5 6 1 16 46 10 0 28 2 3 1 14 0
0 1 7 1 12 14 42 1 0 1 0 2 3 17 0 0 3 22 0 0 0 0 24 1 39 2 1 33 72 29 2 1 0 11 366 0 1 10 4 0 0 1 0 1 0 4 0 0 0 0 56 2 3 0 6 5 0 1 7 0 35 54 18 1 35 28 24 46 0 0 77 0 4 0 0 8 0 0 2 1 73 0 0 0 0 1 6 2 0 2 3 0 14 2 14 224 5 6 0 0 7 20 7 0 69 1 2 2 29 0
0 2 3 0 8 18 25 0 0 0 0 1 1 14 0 5 4 21 1 0 0 0 56 1 18 11 0 0 104 14 0 0 4 16 420 0 0 13 3 1 0 1 0 0 0 5 0 4 0 0 60 1 0 0 8 2 0 1 25 3 51 46 18 1 47 6 16 34 2 0 73 0 22 0 0 3 0 1 0 9 78 0 0 0 0 1 7 1 2 2 6 0 16 4 1 216 0 3 0 2 35 42 0 0 26 5 1 6 22 0
0 1 8 0 3 20 8 0 0 3 0 22 28 27 0 3 12 62 4 0 0 4 11 3 12 0 0 4 50 28 13 4 2 3 234 0 0 17 11 0 0 0 0 0 1 13 0 0 0 1 55 0 0 0 6 0 0 0 33 0 28 63 17 1 74 0 0 20 0 0 61 0 4 0 0 0 0 0 1 3 69 0 0 0 0 0 9 2 6 0 3 3 8 6 0 191 12 8 0 0 7 23 13 0 35 10 3 2 16 0
0 1 17 1 7 31 39 0 0 28 10 11 49 33 0 6 10 90 4 0 0 2 12 1 35 0 0 30 36 33 2 1 0 3 221 2 0 19 7 0 0 1 0 0 1 18 0 2 0 2 86 0 0 0 3 9 0 0 13 0 31 91 17 1 72 0 6 16 6 0 102 0 1 10 0 0 4 0 1 0 111 0 0 0 0 12 15 1 2 0 11 3 4 4 1 187 2 10 2 0 14 29 8 0 35 18 3 1 12 0
0 0 8 1 14 29 25 2 0 15 0 2 17 29 1 10 10 46 0 0 0 0 25 1 11 2 0 1 26 0 0 1 2 3 205 2 4 12 8 0 0 2 1 0 1 4 0 0 0 0 52 0 0 1 3 1 0 0 12 0 29 59 16 1 36 32 4 37 0 0 79 0 2 21 0 0 0 1 0 0 64 0 0 0 0 7 2 0 1 0 12 2 23 2 0 189 0 2 0 0 8 21 5 0 64 6 11 3 42 0
0 0 12 4 10 23 20 1 0 17 1 5 27 20 0 2 7 48 0 0 0 0 47 6 3 0 0 1 22 1 3 0 1 7 206 1 5 7 12 0 0 2 0 0 1 12 0 0 0 0 53 0 0 0 7 3 0 0 8 0 35 51 16 1 76 0 2 19 0 0 53 0 6 2 0 0 1 0 0 1 71 0 0 0 0 3 11 4 7 1 6 9 10 0 5 236 4 7 1 0 14 28 4 0 31 4 4 2 25 0
0 5 12 1 9 28 43 0 0 32 11 17 65 19 0 4 8 89 5 0 0 3 16 3 4 4 0 0 12 12 0 0 1 4 172 1 4 25 15 0 0 3 0 0 0 27 0 1 1 0 65 0 0 0 2 0 3 1 12 0 27 77 17 1 54 0 0 24 3 0 103 0 0 1 0 0 3 0 0 0 90 0 0 0 0 6 13 4 6 0 12 2 8 1 0 220 2 11 0 1 4 30 9 0 32 2 1 1 13 0
0 0 8 0 12 26 11 0 0 14 1 2 18 23 0 8 7 47 1 0 0 0 24 0 17 3 0 0 46 4 0 0 0 5 251 0 1 24 8 0 0 1 0 0 2 5 0 0 0 0 62 1 0 0 1 0 1 0 11 2 36 58 18 1 52 0 20 27 1 0 77 0 11 0 0 0 1 0 1 2 76 0 0 0 0 1 5 3 4 0 5 1 13 2 0 194 0 4 0 0 8 14 2 0 76 2 3 1 62 0
0 1 7 1 18 19 12 0 0 23 0 6 32 20 0 1 9 62 7 0 0 4 32 1 8 1 0 1 14 2 0 0 0 4 230 3 0 11 8 0 0 0 0 0 4 4 0 2 0 0 43 0 0 0 3 0 0 0 11 0 22 58 15 1 34 0 18 36 5 0 63 0 13 4 0 0 0 2 1 3 59 0 0 0 0 6 19 3 3 2 7 4 11 1 1 229 3 11 1 1 5 20 5 0 39 6 4 1 29 1
0 3 12 2 14 30 31 0 0 8 1 1 10 17 0 6 2 28 1 0 0 0 23 4 8 1 1 0 17 0 0 4 0 8 235 2 5 10 8 0 0 0 0 0 0 5 0 1 0 0 39 0 1 0 6 1 0 1 6 0 38 55 15 1 34 4 4 40 0 0 62 0 16 2 0 0 1 0 0 2 60 0 0 0 0 4 5 4 1 3 6 1 29 1 2 204 2 3 0 1 13 15 1 0 63 1 1 7 44 0
0 1 0 0 0 11 7 0 0 0 0 0 1 11 0 0 4 13 0 0 0 0 94 1 2 0 0 0 8 1 1 0 1 2 323 1 0 7 3 0 0 0 0 0 0 3 0 1 0 0 36 0 0 0 8 1 0 0 7 0 43 31 19 1 57 0 4 25 0 0 104 0 22 1 0 0 0 0 0 10 47 0 0 0 0 0 0 4 2 7 3 1 12 1 3 280 5 0 6 0 21 28 5 0 34 0 0 2 8 6
0 1 6 1 4 11 36 1 0 0 2 1 4 15 0 0 1 21 0 0 0 0 41 2 19 9 8 0 21 0 0 4 2 29 317 0 1 9 6 0 0 0 0 0 0 2 0 1 0 0 37 0 3 0 3 4 1 0 13 0 37 37 14 1 41 2 30 30 2 1 70 2 29 3 2 0 0 0 0 4 52 0 0 0 0 0 2 0 0 2 1 8 11 5 0 167 1 1 0 0 12 20 0 0 58 2 2 2 26 0
0 2 21 2 12 36 38 0 0 0 0 15 18 22 1 1 13 45 1 0 0 0 35 1 36 3 1 3 16 1 6 1 0 17 231 1 0 14 8 1 0 0 1 0 3 11 0 0 0 1 60 1 1 2 18 1 1 2 9 0 57 83 17 1 62 2 2 26 0 1 115 0 1 0 0 7 2 1 0 0 94 0 0 0 0 0 4 3 4 1 13 0 21 1 8 278 2 7 1 2 10 33 8 0 38 1 24 3 45 0
0 3 11 0 5 14 16 0 0 0 0 0 0 9 0 1 4 12 2 0 0 1 67 1 12 2 3 0 63 2 3 3 1 17 391 0 2 9 5 0 0 0 0 0 0 2 0 0 0 1 60 0 1 0 3 5 1 3 18 1 39 58 17 1 42 0 38 34 2 0 70 4 16 1 3 0 0 0 0 1 76 0 0 0 0 1 4 2 1 4 8 2 21 2 13 265 4 1 0 3 18 26 4 0 57 0 7 1 33 0
0 3 26 0 4 17 15 0 0 4 0 1 5 15 0 0 2 23 2 0 0 1 22 5 10 0 0 0 32 0 0 0 0 16 306 0 1 4 5 0 0 0 0 0 0 0 0 0 0 0 48 0 4 0 14 1 0 3 14 0 44 38 16 1 47 4 47 27 1 0 70 0 6 3 0 4 1 0 0 1 83 0 0 0 0 1 5 4 0 1 7 1 17 3 7 207 0 5 2 2 12 12 5 0 31 1 1 4 33 0
0 2 6 0 2 19 11 0 0 1 0 1 2 10 0 1 2 13 0 0 0 0 63 1 9 0 0 0 24 0 4 2 0 4 310 1 0 13 9 0 0 0 0 0 0 1 0 0 1 0 56 0 1 0 3 1 0 0 10 0 39 45 18 1 40 0 4 34 0 0 74 1 31 0 0 0 0 2 0 10 77 0 0 0 0 0 3 1 5 4 2 2 14 5 0 225 4 1 0 3 12 22 3 0 46 10 1 0 16 0
0 5 7 1 13 15 7 1 0 3 1 4 8 16 0 2 4 29 0 0 0 0 20 2 16 5 1 0 36 12 0 0 0 34 340 1 0 9 12 0 0 1 0 0 0 1 0 1 0 0 52 0 5 0 1 0 0 0 8 0 30 38 15 1 45 4 32 29 1 1 64 3 36 3 0 0 4 0 0 7 82 0 0 0 0 3 4 0 0 1 5 0 19 3 6 184 0 1 0 1 9 13 2 0 41 2 4 5 30 0
