0 22 6 0 1 16 11 0 0 27 48 1 80 37 0 0 29 133 16 0 0 0 5 1 42 9 1 1 2 0 0 1 2 17 212 6 0 17 1 0 0 0 0 0 0 3 0 0 0 0 21 0 0 0 1 7 0 0 3 0 45 84 17 1 22 2 6 28 22 8 93 0 0 0 2 32 3 6 0 1 59 0 0 0 0 46 7 3 8 1 15 0 23 6 0 281 0 11 0 1 0 4 28 3 39 6 1 9 20 1
0 18 20 0 15 34 12 2 0 4 2 7 13 14 2 2 7 31 0 0 0 0 2 2 48 16 1 4 7 6 0 13 2 20 274 3 1 15 16 0 0 0 0 0 0 1 0 0 0 0 49 0 0 1 0 3 1 6 7 0 51 59 14 1 36 14 25 35 2 3 119 1 9 0 2 7 5 3 0 1 97 0 0 0 0 5 1 1 0 0 21 1 35 7 2 220 0 1 1 0 5 8 5 1 58 12 8 6 45 2
0 11 18 3 15 16 13 2 0 17 19 37 82 20 0 2 8 116 14 0 2 4 2 0 9 2 4 0 0 0 0 0 1 7 151 1 0 8 7 0 0 0 0 0 1 3 0 0 0 0 35 0 0 0 2 3 0 3 24 0 47 92 16 1 16 2 58 64 8 4 87 0 0 0 4 19 1 2 0 0 70 0 0 0 0 28 4 3 9 2 31 0 22 2 1 258 0 10 1 2 5 16 18 2 42 10 1 4 33 0
0 5 17 2 4 13 17 1 0 46 24 16 88 20 1 2 6 134 20 0 2 7 6 0 11 11 0 0 0 0 0 0 0 9 164 2 3 22 13 2 0 0 0 1 0 4 0 0 0 2 33 0 1 0 0 5 0 0 0 0 34 98 17 1 21 0 62 45 14 4 90 0 0 0 0 27 3 4 0 0 67 0 0 0 0 16 14 2 7 0 20 0 22 4 2 288 0 13 0 2 6 23 21 1 44 15 4 15 26 0
0 14 6 5 9 14 2 0 0 60 28 31 124 21 0 1 14 159 14 0 5 3 4 2 17 0 2 0 2 2 0 0 1 3 120 4 1 17 4 0 0 0 0 1 0 3 0 0 2 0 37 0 0 3 5 0 1 4 9 0 47 105 15 1 20 0 74 42 21 1 89 0 0 15 14 0 6 6 0 0 78 0 0 0 0 27 17 6 10 2 22 0 25 3 1 267 2 10 0 1 6 23 23 4 24 5 5 1 19 0
0 22 15 1 13 17 4 1 0 7 8 21 37 11 0 0 7 52 3 0 1 1 6 6 28 0 1 2 2 0 0 23 1 11 218 3 1 13 13 0 0 0 0 0 1 8 0 0 0 0 63 0 2 1 5 1 1 13 3 0 59 80 14 1 20 6 43 59 3 5 105 5 2 0 4 17 18 3 1 0 127 0 0 0 0 9 4 3 2 0 20 0 28 2 5 232 1 7 0 4 3 12 9 0 51 8 3 3 39 3
0 15 23 0 9 12 5 0 0 22 31 4 61 22 3 0 15 101 16 0 0 5 0 0 61 19 12 2 0 0 0 0 0 28 225 1 4 5 4 1 0 0 0 0 1 4 0 1 0 0 26 0 0 2 5 17 0 1 1 1 72 84 17 1 17 0 6 47 11 17 88 0 0 0 6 27 6 3 0 0 77 0 0 0 0 47 10 4 4 2 18 0 24 4 0 250 0 4 0 4 2 6 19 2 34 9 5 9 32 6
0 10 12 2 10 20 4 1 0 32 12 43 89 31 1 1 9 135 13 0 0 7 1 3 8 0 0 8 6 6 0 0 0 19 168 5 2 26 12 0 0 1 0 0 3 6 0 0 2 0 33 0 0 1 5 3 1 3 4 0 49 126 16 1 18 4 37 52 20 1 92 0 1 0 4 15 6 5 0 0 69 0 0 0 0 12 5 1 3 0 15 0 28 0 4 251 3 6 1 2 4 20 29 3 27 9 7 0 24 1
0 19 6 4 5 18 2 0 0 26 29 6 64 35 0 1 27 137 30 0 0 12 2 2 58 13 13 1 0 0 0 0 0 31 214 2 0 8 3 0 0 0 0 0 0 1 0 0 0 3 15 0 0 0 1 9 0 0 1 1 39 99 17 1 18 0 4 35 16 17 94 0 1 0 6 35 3 4 0 0 51 0 0 0 0 55 10 10 6 0 23 0 28 6 1 274 2 13 0 0 2 4 33 0 26 5 3 4 19 2
0 12 7 2 10 21 8 1 0 51 8 25 87 27 1 1 14 128 13 0 2 4 6 2 5 2 0 0 0 0 0 0 0 29 172 3 5 15 5 0 0 3 0 0 2 4 0 0 1 0 30 0 2 1 8 1 0 4 5 1 66 111 17 1 30 0 28 37 10 0 93 0 0 14 2 0 5 5 0 0 64 0 0 0 0 17 18 7 5 1 17 1 31 4 14 310 2 11 1 7 6 24 17 0 37 9 6 7 26 2
0 2 12 1 7 26 7 0 0 7 7 14 33 20 0 0 12 58 5 0 0 4 3 2 10 2 2 0 0 0 0 1 0 32 189 3 1 17 0 1 0 0 0 0 0 5 0 0 1 0 44 0 0 1 2 3 1 6 12 1 65 106 16 1 19 4 0 66 2 2 120 0 1 4 4 4 6 6 0 1 75 0 0 0 0 14 7 4 2 2 14 0 24 8 2 245 1 9 1 7 5 26 23 0 64 6 7 9 42 0
0 6 3 2 5 17 8 0 0 38 29 21 88 15 0 3 10 121 15 0 0 2 5 1 15 1 9 0 1 0 0 0 0 9 182 15 0 9 8 0 0 0 0 0 0 3 0 0 0 0 47 1 1 0 8 2 0 1 7 0 52 99 17 1 14 6 59 52 19 17 77 0 0 0 0 3 2 4 0 0 66 0 0 0 0 30 10 3 16 0 20 0 23 3 0 238 1 9 1 1 2 6 21 0 41 1 2 5 23 0
0 9 15 4 8 15 8 2 0 14 15 55 90 21 0 1 16 120 5 0 0 1 4 1 44 13 21 0 0 0 0 0 1 16 192 9 0 13 2 1 0 1 0 0 0 5 0 0 2 0 32 0 0 3 8 2 0 6 1 0 48 91 15 1 17 4 58 48 6 19 58 0 0 0 28 14 9 3 0 0 76 0 0 0 0 29 2 1 2 0 28 0 19 1 1 252 0 7 0 0 5 11 12 3 30 3 5 5 26 2
0 6 7 5 8 8 3 0 0 6 7 53 69 20 0 0 12 95 6 0 0 1 3 4 10 4 2 0 1 1 0 3 1 47 222 8 5 19 1 2 0 0 0 1 0 3 0 0 0 0 35 0 0 1 2 2 2 2 4 0 59 79 14 1 10 0 58 84 6 32 101 0 0 17 0 0 3 5 0 0 64 0 0 0 0 13 5 4 12 1 13 0 21 13 5 225 1 4 0 6 3 9 9 2 33 2 2 1 28 2
0 4 6 0 8 13 7 0 0 37 41 10 89 17 1 5 8 126 14 0 0 6 7 1 12 0 5 1 1 1 0 1 0 11 160 7 2 15 5 1 0 0 0 0 0 5 0 0 1 0 39 1 0 0 6 3 2 1 10 0 72 105 15 1 13 6 55 41 20 37 71 0 0 0 2 4 12 1 0 0 64 0 0 0 0 40 4 4 15 1 31 0 16 5 3 256 0 5 1 2 2 10 24 2 26 2 1 4 15 0
0 10 21 3 9 30 2 1 0 16 9 5 31 12 0 1 8 54 9 0 1 3 3 0 51 13 22 0 4 0 0 0 1 47 267 4 0 9 8 0 0 0 0 0 1 1 0 1 0 0 28 0 0 0 3 5 2 1 3 0 43 63 14 1 15 0 84 47 12 21 64 0 3 0 10 34 3 1 1 1 68 0 0 0 0 20 5 6 6 2 22 0 29 1 13 250 0 2 0 0 5 12 16 1 41 4 8 2 35 0
0 15 12 1 10 25 11 1 0 11 10 12 34 17 3 2 8 57 6 0 2 1 2 2 23 2 0 3 8 0 0 13 0 25 262 3 1 14 1 0 0 0 0 0 0 4 0 0 0 0 46 0 3 3 1 4 1 11 11 1 37 50 13 1 19 8 59 54 9 6 97 0 11 0 10 20 7 2 0 0 89 0 0 0 0 9 3 3 1 1 23 0 24 5 4 221 0 1 0 4 3 8 8 3 39 8 5 2 31 3
0 19 16 3 11 31 5 1 0 6 9 32 50 29 0 3 12 83 4 0 1 0 4 1 4 0 4 0 3 1 0 0 1 8 183 5 0 13 4 0 0 0 0 0 0 3 0 0 2 0 51 0 0 4 2 0 2 6 7 0 53 91 17 1 18 0 34 47 6 20 85 1 1 0 0 7 1 1 0 0 97 0 0 0 0 30 1 1 1 0 50 0 30 0 3 268 0 7 0 6 3 10 12 2 40 12 2 0 25 6
0 4 4 2 5 21 10 0 0 34 31 19 84 19 0 3 15 129 21 0 0 1 7 0 17 2 10 0 2 0 0 0 0 2 183 16 0 11 9 0 0 0 0 0 0 4 0 0 0 0 49 1 0 0 9 2 0 0 5 0 47 92 18 1 13 12 63 56 28 15 72 0 0 0 0 4 2 5 0 0 67 0 0 0 0 32 9 3 15 0 19 0 18 2 0 236 0 13 2 2 2 5 19 0 42 1 4 5 33 0
0 8 20 3 11 40 8 0 0 0 0 26 29 36 2 5 20 67 1 0 0 0 4 0 13 5 1 0 10 1 0 0 1 12 250 5 2 7 3 0 0 2 0 0 0 11 0 0 2 0 51 1 0 4 2 0 1 2 8 0 54 79 17 1 27 0 10 51 0 3 81 2 1 0 8 3 6 3 0 0 98 0 0 0 0 11 9 2 3 0 24 0 19 2 3 200 2 0 0 0 9 22 6 0 69 15 7 7 61 0
0 15 11 2 6 15 10 0 0 55 20 28 105 23 1 0 13 148 17 0 2 9 1 1 23 9 2 1 1 0 0 0 0 18 153 2 4 18 4 1 0 0 0 0 2 2 0 0 0 0 25 0 1 0 1 2 0 6 3 0 41 119 16 1 40 0 48 21 11 2 87 0 0 23 10 4 9 3 0 0 68 0 0 0 0 15 16 7 5 0 30 0 34 7 4 307 3 15 0 2 4 16 18 0 28 4 7 3 24 0
0 11 13 2 7 25 7 4 0 11 12 6 33 15 1 0 12 54 6 0 0 2 1 1 56 15 21 0 9 0 0 7 0 44 281 3 0 8 2 0 0 0 0 0 0 3 0 0 0 0 15 0 0 0 3 1 1 0 1 0 47 63 16 1 17 0 79 58 9 4 76 0 0 0 6 37 6 0 0 0 47 0 0 0 0 24 2 0 0 0 37 0 33 2 5 234 0 2 0 0 1 5 19 2 51 3 6 2 25 0
0 16 15 3 1 27 5 0 0 12 11 51 77 27 2 2 16 112 6 0 1 2 0 0 32 11 18 0 0 0 0 0 0 20 217 9 0 11 5 1 0 0 0 0 0 7 0 0 2 1 40 0 0 0 5 2 1 4 5 1 50 78 16 1 21 0 26 50 6 5 66 2 3 0 12 13 16 2 0 0 93 0 0 0 0 20 4 1 2 0 35 0 24 1 1 243 1 10 0 0 7 13 13 1 48 15 8 0 42 1
0 16 19 1 14 13 2 0 0 7 14 3 27 21 1 3 13 54 5 0 0 0 1 1 73 27 31 1 2 0 0 4 1 36 255 1 0 18 1 0 0 0 0 0 0 4 0 0 0 0 14 0 1 0 3 4 2 1 0 0 55 67 15 1 16 0 89 47 13 11 76 0 1 0 20 36 11 1 0 0 63 0 0 0 0 18 3 2 6 0 35 0 23 5 6 261 0 2 0 0 2 6 17 5 36 1 6 2 27 0
0 6 6 5 4 16 8 1 0 2 4 25 39 11 0 0 7 57 7 0 0 2 1 2 8 4 1 0 0 0 0 1 0 27 209 5 0 9 6 0 0 1 0 0 0 4 0 0 0 0 33 0 1 0 0 9 1 1 11 0 111 73 14 1 13 0 70 68 13 16 85 1 9 13 8 8 2 3 0 1 57 0 0 0 0 26 2 0 3 5 18 0 19 7 9 229 2 4 1 3 3 9 15 3 37 6 5 4 21 2
0 8 14 0 5 20 10 0 0 19 14 23 67 22 3 2 11 98 9 0 1 4 5 1 10 10 0 0 0 0 0 0 1 10 204 3 3 13 11 4 0 0 0 0 0 4 0 0 0 1 25 0 0 0 4 3 0 1 0 0 35 128 18 1 20 0 27 53 12 0 101 0 0 0 0 14 3 2 0 0 56 0 0 0 0 20 8 5 7 0 30 0 23 3 5 294 1 14 1 3 4 12 25 1 33 3 12 4 34 0
0 5 7 0 9 23 13 4 0 3 3 10 16 12 1 3 6 33 5 0 0 4 5 2 23 10 2 3 3 0 0 1 1 37 207 3 1 16 7 4 0 1 0 1 2 3 0 0 0 0 35 1 6 2 6 7 0 8 10 0 49 98 13 1 39 0 18 28 2 0 102 4 2 1 0 0 0 4 0 0 64 0 0 0 0 13 8 1 0 2 20 0 21 8 10 193 0 4 0 1 10 30 18 0 40 3 0 8 27 3
0 6 19 2 11 33 13 0 0 34 0 15 55 31 0 2 16 97 5 1 0 3 15 9 9 3 4 0 4 1 0 1 0 24 181 2 2 19 6 0 0 0 1 0 0 10 0 1 0 0 66 1 4 2 1 3 1 5 9 2 76 115 16 1 37 0 16 40 1 0 111 1 4 0 0 1 3 3 1 1 108 0 0 0 0 4 24 7 2 1 19 0 23 9 0 271 0 18 0 4 9 21 14 0 40 7 6 6 29 0
0 10 13 6 14 40 6 0 0 4 0 3 13 21 0 4 6 46 11 0 1 1 3 4 29 8 1 1 0 0 0 1 0 13 243 1 7 14 16 0 0 1 0 0 0 4 0 1 0 0 76 0 4 0 6 1 3 9 4 0 75 100 18 1 57 0 16 14 3 10 128 0 3 0 6 4 0 0 0 0 109 0 0 0 0 9 8 0 1 2 30 0 30 4 4 288 2 7 1 1 4 9 13 0 60 8 5 3 44 3
0 5 6 4 4 15 8 1 0 17 11 16 46 31 1 8 16 86 9 0 0 4 4 0 35 3 5 9 13 0 0 0 2 13 218 0 2 20 11 2 1 0 1 0 4 1 0 0 0 0 52 0 0 0 6 7 0 1 29 0 55 88 17 1 24 0 57 41 13 8 87 0 1 0 4 24 0 0 0 0 71 0 0 0 0 17 15 3 6 1 14 0 24 1 8 236 2 10 0 2 8 20 14 1 58 3 2 3 44 0
0 9 21 2 11 41 16 4 0 3 1 1 8 14 0 1 5 37 9 0 0 0 5 2 23 1 2 0 0 0 0 0 0 24 245 5 2 26 8 1 0 0 0 0 1 8 0 0 2 0 83 0 1 4 3 3 2 9 1 0 68 108 17 1 65 0 2 13 3 8 144 1 4 0 3 4 1 0 0 0 123 0 0 0 0 14 3 0 6 1 34 0 28 7 2 296 1 11 1 1 3 12 18 2 44 13 3 3 24 6
0 3 11 2 7 25 5 0 0 4 4 16 25 13 0 2 8 47 7 0 0 2 5 2 7 0 0 0 2 0 0 1 1 36 185 3 2 10 5 1 1 0 0 1 0 1 0 0 0 0 44 0 2 4 1 3 1 2 11 0 44 79 12 1 23 0 38 33 5 9 67 1 5 7 0 0 2 3 1 1 75 0 0 0 0 17 1 6 3 1 11 0 20 0 18 207 0 8 0 3 4 15 24 1 50 9 2 3 21 12
0 7 16 2 5 28 9 0 0 12 5 13 35 24 0 2 10 70 8 0 1 1 4 4 49 2 3 23 16 3 0 0 0 7 237 0 6 17 5 0 0 0 0 0 0 12 0 1 4 1 50 1 0 3 3 2 1 5 39 0 52 88 16 1 33 0 39 39 4 2 111 0 0 0 0 15 3 5 0 3 91 0 0 0 0 11 5 3 5 0 14 1 20 2 18 250 3 20 0 4 12 27 15 2 28 10 4 0 17 2
0 16 40 2 10 22 3 0 0 15 2 16 36 29 2 0 23 74 8 0 0 2 3 2 14 4 0 0 1 0 0 0 0 13 220 6 5 6 6 0 0 0 0 0 3 4 0 4 4 2 54 0 0 5 4 0 1 10 2 0 62 114 17 1 33 2 20 33 5 5 73 0 1 0 4 8 19 7 0 0 143 0 0 0 0 10 4 1 3 2 26 0 17 3 4 229 3 9 0 4 4 20 13 0 53 6 6 4 50 2
0 8 19 3 10 13 3 0 0 15 2 10 28 41 1 6 16 80 9 0 0 5 6 1 43 4 0 25 6 0 0 1 0 18 204 0 1 23 10 0 0 1 0 0 5 5 0 0 2 0 39 0 0 3 5 3 3 2 15 0 53 100 15 1 28 2 53 33 13 7 104 1 5 0 12 20 7 3 3 4 89 0 0 0 0 13 11 1 1 2 8 0 19 5 8 246 2 12 1 5 7 22 20 0 52 8 5 2 33 0
0 10 10 2 8 22 15 3 0 3 2 15 22 22 0 2 7 50 3 0 0 2 10 1 37 24 0 1 10 7 0 0 1 14 282 2 5 17 4 0 0 1 0 0 0 4 0 2 0 0 70 1 0 2 6 2 3 13 2 0 64 101 15 1 48 0 19 29 1 2 115 2 4 0 5 12 3 3 1 0 103 0 0 0 0 6 7 3 4 1 27 1 27 5 0 228 1 2 1 3 7 15 14 0 55 12 6 3 40 5
0 9 27 2 10 32 16 1 0 11 8 19 40 14 1 1 6 67 11 0 0 6 9 1 25 9 0 0 6 1 0 2 1 3 224 1 1 16 10 0 0 0 0 0 0 3 0 1 2 1 63 0 0 2 7 2 0 6 4 0 54 77 15 1 28 4 32 35 14 4 97 0 4 0 2 12 6 0 0 1 110 0 0 0 0 22 10 0 1 2 15 0 24 4 1 234 0 8 0 2 7 17 11 0 64 19 5 6 38 0
0 13 21 5 10 27 12 0 0 1 1 26 32 28 0 3 11 77 14 0 0 5 8 3 17 5 2 2 2 0 0 0 1 12 203 0 5 16 8 0 1 0 0 0 1 7 0 0 2 0 78 0 1 4 8 5 0 11 10 0 71 104 17 1 32 0 25 33 10 3 90 0 2 0 4 9 8 1 1 0 133 0 0 0 0 13 8 3 1 0 16 0 18 1 3 229 1 17 0 8 3 22 13 0 40 11 6 2 34 0
0 7 24 4 11 25 17 2 0 21 0 5 29 42 0 3 15 78 3 0 0 0 6 1 17 3 0 0 0 0 0 0 0 17 205 4 2 20 11 0 0 2 0 0 0 9 0 3 6 0 57 0 0 6 10 1 3 7 6 0 73 107 17 1 43 2 24 31 3 1 83 0 2 0 2 3 12 5 1 1 117 0 0 0 0 15 5 1 4 0 27 0 24 6 2 251 1 7 0 4 9 28 16 0 47 8 7 8 27 1
0 1 9 4 6 28 5 3 0 0 1 7 8 32 0 2 15 48 7 0 0 4 4 1 15 2 3 5 3 0 0 0 1 46 239 0 1 17 7 0 0 0 1 0 1 3 0 2 4 2 45 0 1 6 3 4 0 5 14 0 41 104 17 1 44 0 19 28 2 3 123 0 0 0 0 7 5 4 3 1 80 0 0 0 0 13 20 4 3 2 19 0 28 2 4 273 0 10 1 7 18 30 19 0 55 3 7 0 47 1
0 11 15 1 10 33 28 7 0 18 0 23 43 17 0 1 12 64 0 0 0 0 4 3 5 0 1 0 4 2 0 1 3 16 198 2 2 10 8 0 0 0 0 0 1 7 0 1 0 1 65 0 5 0 4 0 1 4 2 0 44 68 15 1 30 2 0 41 1 0 81 0 0 1 0 4 5 2 2 0 106 0 0 0 0 6 7 0 0 0 9 0 26 2 2 190 0 5 2 1 8 15 2 0 38 7 5 6 32 0
0 6 18 3 5 27 9 2 0 40 6 25 74 18 0 3 11 97 3 0 0 0 2 2 1 1 0 0 0 0 0 0 3 6 169 0 0 24 7 1 0 0 0 0 1 10 0 1 0 1 53 0 0 1 4 3 1 1 4 0 45 92 15 1 30 0 20 37 3 1 67 0 0 4 4 0 6 3 0 0 92 0 0 0 0 11 3 6 1 1 15 0 17 5 5 195 1 14 0 2 4 19 9 1 38 7 2 7 31 1
0 5 9 3 4 44 4 0 0 13 5 7 29 33 2 3 12 70 8 0 1 7 5 5 35 2 1 16 3 0 0 0 0 29 196 1 0 19 6 0 0 0 1 0 3 3 0 0 10 0 41 0 0 5 2 9 0 4 24 0 69 121 17 1 31 0 35 31 9 5 99 0 2 0 8 18 4 1 0 2 70 0 0 0 0 23 9 2 2 2 25 0 25 1 3 244 0 5 1 5 10 25 17 1 42 7 0 1 24 0
0 6 10 9 6 55 2 0 0 6 3 6 21 29 0 2 17 62 10 1 1 6 6 3 19 2 1 6 1 0 0 0 1 29 209 2 1 22 11 0 0 0 1 0 3 1 0 0 0 0 48 0 0 0 6 1 0 5 22 1 40 105 16 1 32 2 38 33 10 2 104 0 0 0 2 17 0 2 2 0 77 0 0 0 0 16 7 6 2 0 27 1 38 2 1 269 1 2 0 3 9 24 14 0 45 2 11 2 37 1
0 5 20 0 3 31 1 0 0 2 4 9 19 23 3 3 12 53 10 0 0 1 8 7 38 1 1 14 5 0 0 0 0 27 228 1 1 15 13 0 0 0 0 0 0 1 0 0 0 1 47 0 0 1 4 7 0 4 25 0 55 114 17 1 33 0 23 27 8 8 115 0 3 0 2 9 7 1 0 2 83 0 0 0 0 21 6 2 2 1 25 0 26 1 6 240 1 5 1 6 17 34 15 1 45 0 5 0 31 8
0 3 7 5 5 23 11 1 0 16 12 12 40 28 0 1 14 83 15 0 1 4 18 0 43 0 5 23 14 1 0 0 0 18 248 0 5 20 13 1 0 1 0 0 0 2 0 0 0 0 58 0 3 0 5 3 0 0 34 0 33 58 17 1 31 2 58 32 16 1 99 0 0 0 4 27 3 1 0 1 82 0 0 0 0 16 11 0 9 0 11 2 11 2 12 253 2 12 0 3 12 25 13 0 33 11 5 4 20 0
0 6 14 1 10 44 14 4 0 6 0 13 20 14 0 3 7 43 3 0 2 0 12 0 23 11 1 0 7 0 0 1 1 59 259 2 0 17 4 0 0 0 0 0 0 10 0 0 0 0 64 0 2 2 1 4 0 4 6 0 41 81 17 1 24 0 40 46 5 6 90 0 0 2 6 0 4 2 1 0 96 0 0 0 0 1 10 1 3 1 12 0 25 4 31 264 0 7 1 5 11 23 9 0 39 2 0 4 28 0
0 12 25 6 11 32 2 0 0 3 5 28 40 24 1 3 17 75 11 0 0 3 3 1 23 10 0 9 1 0 0 0 0 23 201 1 0 18 8 1 0 0 1 0 0 5 0 0 0 0 68 0 1 3 6 5 0 7 5 0 66 85 16 1 26 0 24 42 6 4 86 0 0 4 15 1 1 5 1 1 124 0 0 0 0 25 9 1 2 1 32 0 38 0 3 253 0 3 0 1 3 13 10 0 41 13 7 2 24 0
0 3 19 5 8 15 6 1 0 8 4 7 24 27 0 1 11 69 12 0 0 0 27 3 14 11 0 0 1 0 0 0 0 23 270 2 1 21 8 0 0 1 0 0 1 1 0 0 2 1 60 0 0 2 1 8 1 1 7 0 50 90 18 1 39 0 0 29 8 3 122 0 4 0 4 18 0 0 0 0 89 0 0 0 0 13 12 4 9 4 12 0 22 10 1 286 3 8 1 2 8 23 15 0 35 11 4 6 29 0
0 3 16 4 9 17 0 0 0 6 3 8 29 24 0 2 8 62 4 0 0 2 16 4 16 10 0 0 9 6 0 0 3 34 339 1 0 18 12 0 0 0 0 0 0 2 0 0 0 0 60 0 1 0 4 8 4 2 8 0 52 89 17 1 37 0 4 38 4 1 119 0 1 0 6 15 1 1 0 0 86 0 0 0 0 14 12 1 6 2 21 3 17 2 2 279 3 6 2 1 8 15 16 1 34 11 6 4 26 1
0 2 10 8 13 30 20 0 0 8 5 9 24 26 0 1 12 60 7 0 0 3 17 3 20 8 0 0 0 0 0 2 2 18 280 2 2 12 13 0 1 0 2 0 0 0 0 1 2 0 57 0 0 1 3 2 2 3 19 0 41 67 17 1 44 0 4 31 3 1 125 2 0 0 2 13 0 0 0 0 79 0 0 0 0 11 6 8 1 1 15 2 31 4 0 269 8 9 1 1 12 19 11 0 38 12 3 6 40 0
0 7 8 4 8 30 5 0 0 8 0 5 16 21 0 0 11 40 3 0 1 1 15 1 17 2 0 2 2 1 0 1 0 23 264 1 7 19 14 0 1 1 0 1 2 3 0 3 0 0 57 0 2 0 2 13 3 5 23 1 58 54 16 1 38 0 12 37 2 1 111 1 14 0 10 7 1 1 0 0 81 0 0 0 0 4 7 2 1 2 15 0 21 4 0 267 3 12 1 1 19 30 4 0 53 11 2 1 31 0
0 14 31 0 6 37 10 2 0 8 10 58 77 34 0 0 18 125 13 0 0 5 0 1 27 12 1 0 0 0 0 0 0 18 175 5 1 13 2 0 0 2 0 0 0 4 0 0 2 0 49 0 0 0 2 0 4 7 0 0 41 84 18 1 16 0 40 69 11 2 80 0 0 0 19 5 16 3 0 0 114 0 0 0 0 27 3 4 0 1 21 0 26 2 1 225 1 7 0 7 6 17 16 0 44 14 5 4 42 3
0 8 11 4 4 12 8 0 0 3 2 44 51 23 0 1 20 82 6 0 0 0 8 2 45 28 0 4 3 0 0 0 1 3 257 3 2 24 7 0 0 4 0 0 2 4 0 0 6 0 51 0 0 3 2 1 1 5 4 0 52 117 16 1 16 2 17 81 2 1 98 1 3 0 2 6 4 1 0 0 82 0 0 0 0 12 7 1 1 2 8 0 28 5 2 211 1 4 0 7 5 14 20 0 47 4 2 11 51 0
0 6 7 5 3 14 3 1 0 10 19 52 84 36 1 0 26 130 9 0 1 2 1 1 43 27 0 0 1 1 0 3 1 7 194 8 1 22 9 0 0 1 0 0 1 4 0 0 6 0 52 2 0 2 5 0 0 3 1 0 45 113 16 1 16 0 61 60 16 3 81 0 0 0 9 9 9 0 0 0 83 0 0 0 0 27 14 3 3 0 22 0 20 4 1 224 0 16 0 6 7 18 29 0 36 9 3 3 35 2
0 5 9 0 5 23 22 0 0 47 13 22 83 36 0 1 23 128 5 0 0 1 17 1 40 7 2 31 2 1 0 0 0 22 214 5 0 22 7 0 0 1 0 0 1 4 0 1 2 0 64 0 1 1 9 1 0 1 6 0 41 84 17 1 27 0 30 50 6 1 91 0 2 0 0 2 1 3 2 0 86 0 0 0 0 6 10 4 3 2 22 0 22 4 1 249 3 20 1 0 14 36 14 0 41 7 2 3 41 0
0 7 12 2 3 15 18 3 0 65 1 24 91 20 0 2 7 121 10 1 1 1 4 1 49 0 9 4 4 0 0 0 1 18 204 5 5 12 5 0 0 0 0 0 0 5 0 0 0 0 31 0 0 1 4 4 0 2 4 0 45 86 15 1 26 2 25 46 8 2 120 0 0 0 4 6 4 3 0 0 61 0 0 0 0 9 10 3 6 1 18 0 33 14 4 278 1 13 1 4 5 15 15 2 37 6 6 6 28 0
0 8 5 2 7 24 14 0 0 12 15 30 58 39 1 2 22 103 4 0 0 1 5 2 38 4 1 33 1 0 0 1 0 16 226 11 0 15 9 1 0 2 0 0 1 11 0 0 0 0 36 0 0 1 1 1 1 0 5 0 44 62 17 1 27 0 21 42 9 4 100 25 0 0 0 2 1 2 0 3 59 0 0 0 0 15 11 0 5 0 26 0 15 0 3 240 1 13 0 0 1 16 10 0 71 8 5 5 44 2
0 2 9 2 7 12 6 1 0 48 5 24 79 25 0 1 16 112 5 0 0 3 13 0 28 2 2 4 2 0 0 2 2 6 179 6 2 28 7 0 0 1 0 0 2 5 0 4 2 0 52 0 1 1 5 8 1 0 12 1 52 91 14 1 26 2 31 42 9 3 104 1 2 0 2 10 2 3 0 1 73 0 0 0 0 21 17 2 12 2 18 1 24 2 6 293 6 13 1 2 5 27 19 1 31 6 5 6 29 0
0 10 28 2 9 41 11 2 0 1 0 11 15 29 0 2 16 50 4 0 0 3 9 3 17 4 10 2 1 0 0 0 2 41 250 0 1 13 10 0 0 0 0 0 1 4 0 0 2 0 58 1 2 1 8 11 0 12 3 0 70 86 17 1 41 0 10 30 4 1 118 0 0 0 6 0 1 2 0 0 105 0 0 0 0 10 3 3 0 0 26 0 26 4 10 278 0 7 0 4 6 19 10 0 32 2 5 4 30 7
0 10 31 3 7 49 7 2 0 2 0 14 17 14 0 4 6 40 7 0 0 2 2 2 15 0 10 3 0 0 0 0 0 28 238 3 2 9 11 1 0 1 1 0 0 7 0 0 0 0 60 0 4 1 3 14 0 11 11 0 63 89 17 1 36 0 4 33 4 3 125 0 0 0 12 0 1 4 0 0 115 0 0 0 0 19 3 1 3 0 30 0 19 4 6 256 0 8 0 1 1 10 11 2 41 5 3 1 24 3
0 13 31 5 10 34 7 0 0 4 6 6 19 12 1 1 9 42 6 0 0 4 5 2 20 1 19 0 1 0 0 1 0 37 250 3 0 12 12 0 0 0 0 0 0 4 0 0 2 1 45 0 1 1 7 16 0 2 5 0 56 91 16 1 19 0 49 62 10 1 121 0 0 0 0 1 1 4 0 2 103 0 0 0 0 18 5 1 0 2 36 0 27 4 10 285 1 6 1 1 1 10 13 1 33 2 8 4 36 2
0 17 28 2 3 33 18 7 0 11 10 30 52 25 0 3 11 96 18 0 1 3 1 2 19 0 0 0 1 0 0 0 0 11 175 3 0 15 7 0 0 0 0 0 0 4 0 0 0 1 38 0 0 0 1 0 0 10 3 0 38 81 16 1 19 0 53 59 6 3 89 0 0 0 40 14 10 1 0 1 97 0 0 0 0 16 1 2 2 2 26 0 31 2 7 249 0 12 0 6 1 9 14 1 41 13 4 1 37 13
0 10 34 7 6 17 16 2 0 15 22 19 58 8 0 0 6 82 16 0 0 10 0 0 37 0 0 0 0 0 0 0 0 11 146 10 0 5 4 2 2 2 0 0 0 0 0 0 0 0 23 0 0 0 5 0 0 3 2 0 35 84 17 1 15 0 117 52 19 7 88 0 0 0 30 24 10 1 0 0 89 0 0 0 0 38 5 2 3 5 19 0 25 0 4 248 0 14 0 2 2 10 14 0 36 16 6 4 35 5
0 13 35 4 3 33 15 5 0 9 13 37 62 35 0 2 15 108 11 0 0 5 3 0 16 0 0 0 0 0 0 0 0 42 198 2 0 13 6 0 0 0 0 0 0 1 0 0 2 0 42 0 0 1 5 1 0 8 2 0 39 80 18 1 20 0 51 49 12 5 88 0 0 0 10 19 9 0 0 0 104 0 0 0 0 26 2 1 2 1 26 0 19 1 5 265 1 14 0 6 1 7 16 0 37 6 2 1 41 4
0 17 39 3 4 35 10 4 0 1 3 51 56 28 1 1 11 89 5 0 0 3 2 0 20 2 0 0 1 0 0 1 1 8 196 11 0 13 3 0 0 0 0 1 0 3 0 0 6 0 42 0 0 2 4 4 1 10 3 0 39 84 16 1 21 2 17 59 4 2 111 0 0 0 6 10 13 2 0 0 119 0 0 0 0 20 3 4 2 1 24 0 27 2 2 239 1 9 0 2 3 10 17 0 49 11 2 2 50 2
0 12 30 3 2 18 8 1 0 43 5 22 72 22 0 1 9 103 7 0 1 5 5 5 22 1 2 0 0 0 0 0 1 13 154 4 5 24 7 0 0 0 0 0 3 8 0 0 2 0 39 0 1 1 12 2 1 4 3 0 60 114 16 1 29 2 22 34 5 10 111 0 0 1 6 2 0 5 0 0 92 0 0 0 0 28 9 9 2 0 25 0 31 2 9 292 3 14 1 2 11 33 32 3 29 1 4 2 22 2
0 25 36 7 14 29 8 0 0 4 9 17 43 21 0 2 11 72 6 0 0 4 9 4 61 3 1 0 1 0 0 0 0 7 209 1 4 19 2 0 0 1 1 0 2 9 0 0 0 0 68 0 0 1 6 5 1 2 4 1 43 104 18 1 31 0 16 35 9 4 96 0 0 2 0 0 0 1 0 0 138 0 0 0 0 15 11 2 7 0 32 1 37 2 2 287 0 11 0 4 4 31 23 0 39 12 5 0 21 0
0 24 22 4 17 20 13 4 0 8 13 5 29 9 0 0 2 46 6 1 1 2 0 1 59 31 7 2 3 0 0 0 1 21 257 4 3 26 5 1 0 1 0 0 2 3 0 0 0 0 57 1 1 1 0 6 0 5 1 0 52 103 16 1 38 0 26 31 3 2 83 1 0 12 18 0 0 1 0 0 112 0 0 0 0 17 8 5 8 1 19 0 24 6 6 259 0 10 1 6 4 18 22 1 25 2 8 1 25 3
0 3 22 4 3 21 10 0 0 16 15 10 49 23 0 0 17 84 11 0 1 5 13 2 36 7 0 1 1 1 0 1 1 5 226 2 1 16 1 2 0 0 0 0 0 3 0 1 1 1 45 0 2 1 6 6 2 3 16 1 52 75 14 1 29 2 34 40 10 2 105 0 9 11 2 0 2 4 0 1 86 0 0 0 0 14 4 8 3 1 15 2 22 6 16 274 3 11 1 3 5 9 11 2 48 2 5 2 37 0
0 17 22 2 8 7 8 0 0 9 6 14 33 29 1 1 17 72 8 0 0 5 4 0 92 5 2 16 2 0 0 0 0 8 244 1 6 16 2 1 0 1 1 0 4 11 0 0 2 0 70 0 1 1 2 5 0 3 14 0 44 104 16 1 38 0 20 23 11 6 102 0 1 11 2 0 0 2 1 1 118 0 0 0 0 19 6 1 5 0 20 0 21 6 4 244 2 17 0 2 13 39 22 0 31 6 1 3 26 3
0 11 9 0 4 21 15 2 0 3 8 23 45 20 0 0 15 89 22 0 0 3 4 3 35 2 0 2 0 0 0 0 1 5 197 2 1 27 3 0 0 0 0 0 0 8 0 0 0 0 43 0 1 0 1 0 1 5 9 0 49 96 17 1 25 0 46 38 15 5 92 1 0 16 10 0 0 7 5 0 76 0 0 0 0 21 6 3 5 0 21 0 23 10 0 254 3 10 1 1 13 27 19 2 46 5 3 1 36 2
0 13 17 2 6 17 10 0 0 58 3 23 86 30 1 0 15 124 5 0 0 2 6 5 16 0 0 0 0 0 0 2 0 3 192 2 3 17 5 0 0 3 0 0 0 8 0 1 0 0 60 0 0 0 5 0 1 3 7 1 56 97 18 1 31 0 14 47 1 0 117 0 0 0 2 1 0 3 0 0 96 0 0 0 0 9 11 5 6 3 17 2 33 9 4 265 1 16 0 1 16 39 20 0 34 1 1 4 30 0
0 10 22 2 5 20 13 0 0 9 12 22 50 18 0 1 14 80 12 0 0 5 6 1 29 4 1 8 0 0 0 0 0 6 186 3 3 17 8 1 0 1 0 0 1 1 0 0 0 0 47 0 0 1 4 2 2 5 11 0 62 113 15 1 30 0 70 34 10 2 93 0 7 14 30 0 9 2 1 1 96 0 0 0 0 26 2 2 1 0 20 0 24 2 5 223 0 5 0 3 4 18 13 1 39 7 3 4 36 0
0 3 18 3 0 24 11 0 0 8 4 16 32 23 0 3 11 66 10 0 0 4 29 1 4 1 0 0 0 0 0 1 0 13 156 2 1 25 10 0 0 2 0 0 3 5 0 0 2 2 53 1 2 1 5 1 1 3 9 0 44 137 16 1 36 0 32 33 6 1 92 0 2 15 18 0 3 0 0 1 85 0 0 0 0 24 8 4 4 2 16 1 23 3 5 280 2 11 0 3 13 33 14 3 43 6 7 6 36 0
0 22 13 0 15 35 7 0 0 16 9 7 35 19 0 4 10 60 5 1 1 0 6 0 19 16 1 0 3 0 0 0 4 34 233 1 4 7 4 0 0 1 0 0 0 6 0 0 0 2 56 0 0 0 4 3 3 10 2 0 54 74 18 1 43 0 36 12 10 10 99 0 0 14 8 0 0 3 0 0 94 0 0 0 0 7 7 0 4 0 31 0 26 3 1 257 0 2 0 1 4 14 15 2 69 8 2 4 45 0
0 5 26 3 7 14 3 0 0 51 23 18 94 19 0 1 7 130 15 0 1 4 4 5 3 0 1 0 0 0 0 0 0 12 127 0 0 19 6 0 0 1 0 0 0 1 0 0 3 2 29 0 0 1 9 2 2 1 8 0 79 142 17 1 24 0 56 28 9 15 116 0 0 0 6 1 1 5 0 0 70 0 0 0 0 16 8 5 4 2 14 0 22 3 8 258 1 15 0 0 11 27 30 7 35 5 3 4 28 3
0 7 17 2 5 18 8 0 0 64 10 23 101 35 2 0 21 145 7 0 0 4 7 1 3 0 0 1 5 0 0 4 0 6 166 4 0 25 10 0 0 0 0 0 1 9 0 0 2 0 69 0 0 1 3 2 0 5 9 0 52 109 18 1 28 0 29 37 9 5 96 0 0 4 0 0 1 2 0 0 100 0 0 0 0 19 5 3 3 0 11 0 21 9 4 222 2 9 0 4 11 24 17 1 51 15 0 2 27 0
0 12 8 2 1 12 10 0 0 14 36 13 70 26 0 0 14 105 7 0 0 4 5 4 12 1 1 0 2 0 0 0 0 23 169 4 2 22 8 4 0 1 0 0 0 5 0 2 0 0 52 0 4 1 3 4 3 7 5 0 68 119 17 1 20 0 0 48 12 9 83 0 2 11 16 0 2 4 0 0 90 0 0 0 0 33 15 5 7 0 20 0 23 2 4 235 1 12 1 9 6 18 26 2 29 7 2 5 18 0
0 19 13 5 5 19 5 1 0 76 18 19 113 25 0 4 13 158 18 0 1 2 5 0 8 0 2 1 3 0 0 2 0 3 156 3 0 21 7 0 0 0 0 0 4 1 0 0 0 0 60 0 1 0 2 0 1 5 4 0 37 117 16 1 24 4 46 36 9 13 73 0 0 3 2 0 13 4 0 2 117 0 0 0 0 17 17 4 5 1 14 0 21 8 2 275 0 15 0 5 4 18 27 1 29 6 1 2 17 0
0 5 10 3 7 13 12 1 0 18 21 12 55 11 2 1 2 78 8 0 0 3 9 1 37 9 8 0 2 1 0 1 0 15 200 2 4 11 7 1 0 0 0 0 0 1 0 0 3 1 33 0 2 2 5 6 2 5 14 0 55 84 14 1 22 2 60 39 14 9 99 0 3 15 4 0 4 4 0 0 65 0 0 0 0 16 6 2 10 3 17 0 35 6 2 292 5 5 1 2 6 10 22 2 41 4 1 5 29 2
0 16 16 2 4 13 12 11 0 12 13 20 53 19 1 2 4 80 6 0 2 1 1 0 15 1 0 0 7 0 0 0 0 19 194 7 0 7 5 0 1 0 0 0 1 2 0 0 0 0 49 0 0 0 3 0 2 1 3 0 82 87 16 1 23 2 70 30 9 17 82 0 1 1 16 0 10 0 0 1 95 0 0 0 0 33 9 2 7 0 13 0 21 2 0 215 1 7 0 2 3 14 14 3 33 7 5 6 31 4
0 18 20 7 11 42 6 1 0 8 11 18 47 13 0 0 6 68 6 0 0 3 3 0 33 20 0 1 8 0 0 0 0 22 216 1 5 12 3 0 0 0 0 0 0 9 0 1 0 0 67 0 1 0 1 5 0 5 7 1 47 80 17 1 41 0 34 23 6 5 82 0 0 12 16 1 0 2 0 0 116 0 0 0 0 14 5 4 6 1 24 0 23 5 2 250 0 13 0 0 5 13 14 1 44 6 6 3 36 5
0 12 18 1 9 16 16 1 0 66 7 27 104 17 2 1 11 136 10 0 1 1 7 2 31 0 0 0 8 0 0 0 1 12 161 1 0 25 6 1 0 0 0 0 0 4 0 0 3 0 39 0 1 1 2 0 1 5 9 0 34 126 16 1 30 2 34 28 6 12 100 0 0 7 2 1 10 2 0 0 85 0 0 0 0 26 18 4 2 0 19 0 27 3 0 249 0 14 0 2 7 23 23 1 37 6 2 6 28 0
0 10 14 6 4 26 13 3 0 4 8 24 39 31 0 7 11 83 9 0 2 1 7 2 6 0 2 0 4 0 0 0 1 13 179 1 5 22 9 0 0 0 0 0 1 6 0 0 1 0 66 0 0 0 2 2 3 5 5 0 63 107 15 1 24 2 28 40 11 6 115 0 1 0 12 0 4 0 1 0 102 0 0 0 0 27 9 3 5 0 17 1 28 2 3 254 1 9 1 6 1 10 13 3 43 10 8 6 33 1
0 8 18 2 2 23 5 0 0 11 6 18 42 21 2 2 7 75 9 0 0 4 14 0 37 10 1 22 0 0 0 1 2 15 177 1 2 21 7 1 0 0 0 0 1 5 0 0 0 0 49 0 1 0 2 2 0 3 4 0 49 136 15 1 17 4 72 55 21 4 74 0 0 27 6 0 1 1 0 1 83 0 0 0 0 27 8 6 7 0 23 0 24 2 13 250 0 10 0 0 10 20 17 4 48 17 2 4 21 2
0 4 10 2 3 12 5 1 0 6 11 30 51 12 0 3 8 72 6 1 0 4 3 2 25 10 0 1 0 0 0 0 0 7 156 0 2 13 3 0 0 0 1 0 1 7 0 0 1 0 42 0 1 1 6 8 1 3 4 0 56 88 13 1 21 0 45 30 8 15 69 0 0 7 8 0 10 5 1 1 78 0 0 0 0 12 8 8 7 0 17 0 40 7 0 252 1 15 0 0 1 7 27 1 22 6 5 1 14 2
0 8 6 3 5 11 5 0 0 19 19 35 78 21 0 5 11 117 17 0 5 5 4 2 9 9 0 0 0 0 0 0 2 6 149 1 1 13 4 0 0 0 0 0 1 2 0 0 0 0 31 0 0 0 3 2 0 1 11 0 32 52 12 1 15 0 84 41 21 8 77 0 0 3 2 0 5 4 1 1 59 0 0 0 0 16 4 1 16 1 17 0 32 1 1 235 1 9 0 0 2 8 9 1 25 3 3 2 24 1
0 18 20 1 10 22 2 0 0 21 11 33 70 15 0 1 13 88 3 0 0 2 5 5 55 14 9 1 3 0 0 0 0 20 219 10 0 6 5 1 0 2 0 0 0 5 0 2 0 1 63 0 1 1 7 3 2 13 7 0 65 83 16 1 31 0 0 29 6 11 128 0 1 0 0 21 0 4 0 2 111 0 0 0 0 13 8 3 3 1 26 0 29 3 2 252 1 7 0 2 12 27 19 1 30 4 3 2 26 1
0 8 21 1 4 18 5 0 0 24 20 49 98 35 0 6 26 141 7 0 0 2 6 2 0 0 0 0 0 0 0 1 0 10 150 1 1 16 7 0 0 1 0 0 0 3 0 1 0 1 80 0 0 2 5 0 0 6 3 0 57 68 16 1 14 0 82 52 23 13 83 0 2 0 4 6 0 3 1 0 116 0 0 0 0 24 3 2 3 1 19 0 16 5 12 220 0 6 0 4 8 22 8 1 24 9 5 1 40 0
0 22 27 4 8 15 1 0 0 29 32 28 93 18 0 1 12 119 7 0 0 1 2 0 22 3 5 0 0 0 0 0 0 30 199 6 0 14 3 0 0 0 1 0 0 2 0 0 0 1 47 0 0 1 5 2 0 4 3 0 48 87 18 1 20 0 48 28 15 17 77 0 1 0 6 26 4 7 0 1 113 0 0 0 0 21 2 2 10 0 31 0 22 0 6 258 0 4 0 5 3 8 25 0 52 6 1 4 20 0
0 11 13 1 8 13 4 2 0 8 11 40 69 15 0 2 6 93 8 0 1 1 3 4 22 8 0 0 1 0 0 1 1 16 156 0 4 17 7 0 0 0 0 0 1 0 0 0 2 0 31 0 3 2 3 1 0 2 10 0 35 107 13 1 21 0 31 42 9 1 75 0 0 4 14 0 6 1 0 0 68 0 0 0 0 16 10 4 6 0 20 1 11 1 16 226 2 11 1 1 2 14 21 0 29 2 3 2 16 0
0 7 10 2 4 15 13 3 0 2 0 32 35 29 1 3 16 79 7 0 0 3 3 1 24 20 2 0 1 0 0 0 1 56 190 1 3 15 4 2 0 2 1 0 0 9 0 0 0 0 44 1 6 2 0 4 1 7 7 1 41 83 13 1 24 2 34 45 4 0 92 0 3 0 0 6 2 2 0 0 79 0 0 0 0 9 14 4 1 1 6 0 17 6 14 209 2 6 0 8 5 16 12 0 25 6 5 8 33 0
0 2 4 1 3 8 6 0 0 16 14 33 66 13 0 0 7 92 12 0 0 3 4 2 10 0 0 1 1 1 0 2 0 6 125 5 3 17 9 0 0 1 1 1 1 3 0 2 0 2 27 0 0 0 3 0 0 1 8 0 48 119 15 1 22 0 65 30 16 5 68 0 2 0 4 1 4 7 0 0 45 0 0 0 0 26 13 4 9 0 20 0 21 4 2 234 2 14 0 2 8 33 24 0 11 0 0 4 22 1
0 1 9 2 13 5 12 10 0 10 11 39 61 12 0 1 5 82 7 0 0 5 4 0 7 7 0 0 0 0 0 0 0 19 138 2 3 20 12 0 0 1 0 0 4 1 0 0 4 1 35 0 0 2 8 4 0 3 5 0 49 97 13 1 21 0 34 37 7 10 87 0 3 5 6 1 1 1 0 1 52 0 0 0 0 25 4 7 5 3 14 0 18 3 3 207 1 6 0 2 6 32 20 2 37 5 2 5 26 2
0 7 10 4 6 10 5 0 0 12 18 37 71 22 0 2 10 103 9 0 0 5 6 5 14 2 1 0 1 0 0 0 0 14 143 2 3 20 5 0 0 0 0 0 1 3 0 0 0 0 49 0 1 0 5 1 0 2 3 0 55 94 13 1 20 2 67 43 15 2 67 0 0 1 2 1 10 4 0 1 86 0 0 0 0 25 10 5 4 1 9 0 18 7 1 232 2 13 0 3 3 16 23 1 32 6 6 5 23 1
0 11 7 2 3 8 12 9 0 8 8 44 65 13 0 1 8 89 11 0 1 5 4 3 47 27 0 0 0 0 0 0 0 16 146 7 2 4 2 0 0 0 0 0 1 2 0 0 0 1 41 1 0 1 5 2 1 5 2 0 55 87 12 1 15 0 34 52 14 4 81 0 1 2 32 2 7 1 0 1 72 0 0 0 0 16 3 5 8 0 18 0 27 4 3 214 3 9 0 3 1 10 18 2 24 5 3 3 17 3
0 25 17 3 10 8 3 0 0 12 28 61 104 48 0 1 43 159 7 0 0 4 13 6 4 1 1 0 1 1 0 0 0 4 178 3 6 23 6 1 0 0 0 0 0 2 0 4 0 0 92 0 0 1 2 2 4 6 2 0 85 67 18 1 16 0 65 46 15 35 92 0 2 0 10 4 0 3 5 0 147 0 0 0 0 42 6 3 3 0 24 0 27 3 13 276 1 14 0 4 16 26 13 6 36 7 5 6 51 2
0 24 22 0 16 28 12 1 0 2 1 38 42 29 0 0 25 76 4 0 1 2 1 4 23 7 2 1 3 0 0 0 1 21 203 3 2 8 5 0 0 0 0 0 1 5 0 1 0 0 77 0 2 0 3 0 2 13 5 0 62 66 16 1 30 2 0 34 6 5 120 0 4 0 2 4 0 1 1 0 127 0 0 0 0 9 8 0 0 0 29 0 20 4 11 246 0 4 1 0 9 15 8 0 33 3 5 0 31 1
0 7 12 5 10 8 34 27 0 16 9 27 56 18 1 3 9 82 7 0 0 3 8 0 13 0 6 6 0 0 0 1 2 28 135 3 0 14 6 0 0 0 0 0 7 3 0 0 0 1 43 0 0 0 3 4 0 1 10 0 54 89 14 1 25 0 42 29 9 8 91 0 2 3 0 0 13 0 0 0 80 0 0 0 0 39 1 5 8 0 14 0 20 2 3 209 1 9 0 1 5 21 16 3 15 1 3 5 17 2
0 16 17 0 4 23 10 0 0 15 14 26 57 28 1 3 16 91 6 0 0 4 7 4 36 14 3 0 2 1 0 0 2 14 199 3 0 9 8 0 1 0 1 0 1 0 0 0 0 0 57 0 0 1 2 1 3 3 13 0 60 96 16 1 26 0 0 24 8 20 123 0 4 0 6 15 0 6 0 0 98 0 0 0 0 19 2 4 1 0 26 1 18 5 6 264 1 7 0 3 9 16 8 0 38 6 8 1 35 0
0 17 16 1 4 22 4 0 0 15 10 58 88 31 0 6 21 133 14 0 0 5 7 5 0 0 0 0 4 1 0 0 0 4 147 2 2 24 7 0 0 2 0 0 0 4 0 1 0 0 81 0 0 0 1 1 0 6 2 0 56 63 17 1 18 0 76 39 22 9 96 0 2 0 2 11 0 6 1 0 122 0 0 0 0 15 1 1 0 0 16 0 25 8 15 215 0 3 0 3 16 31 9 5 25 5 1 4 47 0
0 10 17 3 6 27 13 6 0 16 22 42 83 22 0 0 19 107 2 0 0 1 4 0 25 10 6 1 3 0 0 0 1 25 214 5 1 21 4 1 0 0 1 0 0 1 0 2 1 0 62 0 2 2 2 2 3 4 4 0 52 72 16 1 26 0 0 29 10 12 124 0 3 0 4 11 0 2 3 0 103 0 0 0 0 18 1 3 4 0 22 0 29 1 5 259 0 12 0 2 9 20 18 0 34 5 3 1 38 0
0 17 24 3 3 33 12 0 0 5 11 20 42 19 0 2 14 73 9 0 1 5 2 0 24 3 9 0 0 0 0 0 0 27 216 9 0 11 7 0 0 1 0 0 0 4 0 0 1 0 40 0 0 1 6 15 1 11 5 0 54 68 17 1 25 0 47 24 13 15 86 0 0 0 0 25 2 5 0 0 92 0 0 0 0 22 4 1 3 0 34 0 22 1 12 258 0 5 0 0 3 7 17 2 46 5 5 1 25 5
0 4 17 2 5 15 8 0 0 13 7 78 108 18 0 0 9 133 6 0 0 0 4 3 5 3 2 0 0 0 0 0 1 7 113 1 1 13 9 1 0 1 0 0 3 3 0 0 1 0 57 0 0 1 3 1 1 2 2 0 37 82 14 1 29 0 18 28 9 3 68 5 2 1 14 3 9 2 0 0 93 0 0 0 0 12 15 4 5 0 19 0 22 4 4 224 0 11 0 3 6 27 14 0 31 5 2 2 19 2
0 21 25 1 7 20 13 4 0 12 17 4 36 17 0 3 10 65 11 0 0 5 0 0 25 6 9 0 2 0 0 1 0 27 229 1 0 13 3 2 0 0 0 0 1 1 0 0 0 0 43 0 0 1 5 13 0 7 7 0 79 78 17 1 24 0 47 30 7 14 92 0 0 0 2 26 0 6 0 0 99 0 0 0 0 26 3 3 3 2 23 0 27 2 2 248 1 7 0 4 0 7 20 1 35 4 1 4 23 4
0 7 16 3 6 45 2 0 0 2 2 11 16 36 2 1 16 55 0 0 0 0 4 4 1 0 1 0 0 0 0 2 1 9 245 3 2 11 6 1 0 2 0 0 0 9 0 0 6 1 81 0 0 7 5 0 2 5 3 0 44 81 16 1 51 2 2 27 1 1 94 3 0 0 6 5 3 3 0 0 121 0 0 0 0 11 5 1 0 0 22 0 21 5 4 212 0 3 0 11 8 22 2 1 49 12 5 7 31 0
0 7 12 3 3 18 13 1 0 6 17 25 50 43 0 3 30 98 5 0 0 0 26 3 27 0 5 7 5 1 0 11 1 3 187 0 4 21 6 1 0 1 0 0 1 7 0 0 0 0 66 0 1 1 1 3 0 3 18 0 58 84 14 1 26 2 42 34 6 18 78 1 2 0 2 6 10 2 0 1 105 0 0 0 0 5 6 0 5 1 17 0 19 7 2 253 5 13 1 1 6 19 12 0 34 10 3 2 26 1
0 11 19 4 12 27 18 1 0 2 2 27 31 20 0 2 10 61 7 0 0 3 8 0 11 6 3 0 6 2 0 0 1 21 228 4 1 14 11 0 0 0 0 0 0 5 0 0 0 0 49 0 0 3 2 0 0 8 5 1 52 78 15 1 25 2 30 41 9 7 96 3 16 0 0 11 6 4 0 2 98 0 0 0 0 18 9 3 4 0 33 1 23 2 10 252 1 6 0 1 2 17 11 2 45 9 4 4 34 0
0 4 18 8 5 10 4 0 0 55 15 22 94 25 0 5 13 130 11 0 0 3 5 0 4 1 0 2 0 0 0 7 1 10 128 1 3 26 3 0 0 0 1 0 0 4 0 0 0 0 41 0 0 0 4 2 4 4 9 1 57 92 15 1 14 0 89 52 20 16 67 3 2 0 12 7 14 3 1 0 90 0 0 0 0 33 16 2 7 0 18 0 24 6 1 258 0 13 0 3 3 11 28 3 31 3 7 6 38 0
0 17 20 2 10 23 20 10 0 12 18 17 49 32 2 2 19 91 8 0 0 3 7 0 11 1 10 0 1 0 0 0 1 17 204 5 1 19 4 1 0 0 0 0 0 5 0 2 6 1 45 1 1 7 1 1 2 3 2 0 46 93 15 1 24 0 26 35 9 12 94 1 2 4 6 0 6 7 0 0 107 0 0 0 0 28 3 3 4 2 25 0 21 2 2 255 3 5 0 8 5 14 20 4 33 4 9 5 40 1
0 5 19 0 13 27 24 0 0 5 0 23 29 19 2 0 11 56 5 0 1 1 5 3 2 0 0 2 6 3 0 0 1 11 159 4 5 16 8 1 0 3 0 0 3 11 0 0 1 0 60 0 0 3 4 0 1 0 8 1 35 98 13 1 23 2 26 37 5 14 62 5 2 1 2 3 4 3 2 0 97 0 0 0 0 17 8 6 3 0 16 0 21 3 1 191 1 4 0 4 6 25 14 0 40 2 3 2 21 0
0 3 8 4 5 23 15 0 0 33 11 19 66 31 1 0 21 107 5 0 0 0 29 1 17 5 0 2 5 3 0 1 1 6 235 6 1 20 6 1 0 0 1 0 1 4 0 1 0 0 66 1 1 1 8 0 0 1 13 1 45 77 15 1 32 2 29 34 10 4 81 0 3 0 2 10 2 0 0 0 88 0 0 0 0 14 11 2 5 1 11 2 16 2 1 232 7 10 0 0 12 25 16 0 46 11 9 4 30 0
0 5 11 1 6 16 3 1 0 59 17 20 97 27 1 5 14 131 6 0 0 2 10 6 2 1 0 0 0 0 0 0 0 12 126 0 3 15 6 0 1 1 0 1 0 4 0 0 0 1 55 0 0 1 3 2 1 7 5 1 61 101 14 1 19 0 62 47 4 18 86 5 2 0 22 7 10 1 1 0 86 0 0 0 0 19 19 3 1 1 21 0 22 4 2 258 3 13 0 4 12 23 24 2 30 4 5 5 24 1
0 7 14 2 8 15 6 1 0 60 7 22 93 29 0 4 18 132 7 0 2 3 7 0 6 2 0 0 0 0 0 1 0 16 152 1 4 24 7 2 0 1 0 0 3 5 0 0 0 1 57 0 1 0 5 4 1 7 4 0 42 111 14 1 21 2 57 39 10 13 87 1 4 0 20 8 4 2 0 0 89 0 0 0 0 23 8 5 3 1 15 1 34 2 2 240 1 12 0 1 8 21 27 3 31 9 7 5 27 3
0 5 10 3 5 24 2 0 0 0 6 25 36 47 0 2 21 94 7 0 0 2 11 1 16 2 0 12 2 2 0 2 0 27 233 1 6 28 3 1 0 1 0 0 2 11 0 3 2 0 74 1 3 1 10 3 4 4 18 2 56 85 15 1 31 2 16 46 5 0 71 1 7 0 2 12 4 1 5 0 108 0 0 0 0 6 9 4 1 0 11 1 13 6 18 228 6 10 0 1 15 37 8 0 38 7 4 2 34 0
0 8 17 1 15 35 7 2 0 0 0 43 49 36 0 3 18 87 0 0 0 0 8 2 25 2 2 0 3 2 0 4 1 15 210 1 6 14 5 1 0 0 0 0 1 16 0 1 2 0 82 0 0 2 2 3 1 4 6 0 64 83 16 1 44 0 16 27 0 8 94 1 3 0 2 2 12 2 1 0 126 0 0 0 0 9 5 1 3 0 30 1 27 1 1 244 0 6 0 4 11 19 8 0 40 5 4 3 33 1
0 3 17 3 7 20 5 0 0 7 9 37 56 35 2 3 20 99 7 0 0 0 13 0 30 12 5 1 5 1 0 0 0 20 232 2 5 18 6 1 0 0 0 0 1 8 0 1 0 0 73 0 1 1 5 0 1 4 7 1 61 73 16 1 30 6 28 43 4 0 89 2 10 0 0 5 3 3 1 0 106 0 0 0 0 15 6 2 1 0 20 0 14 3 9 232 3 16 0 6 13 22 7 0 45 9 5 7 31 0
0 2 15 2 3 30 7 0 0 1 2 17 22 30 1 3 19 55 2 0 0 0 15 2 1 0 0 1 0 0 0 15 0 13 250 3 5 20 6 0 0 5 0 0 0 14 0 1 2 1 72 2 1 2 2 3 0 1 4 0 40 69 16 1 41 2 8 35 0 3 91 0 1 0 4 8 2 2 1 2 103 0 0 0 0 18 17 0 2 2 11 1 32 2 2 227 2 7 0 4 8 25 4 0 83 13 7 20 56 0
0 4 10 2 3 25 7 0 0 13 7 44 70 29 0 1 14 109 5 0 0 2 11 3 20 1 0 19 0 0 0 6 1 17 191 4 1 19 3 1 0 0 0 0 1 6 0 0 2 0 57 2 1 1 5 0 1 2 6 2 36 75 14 1 19 0 88 55 16 2 92 1 2 0 0 0 7 0 3 0 90 0 0 0 0 16 11 3 8 1 9 0 10 5 20 232 2 8 2 1 9 20 9 6 32 9 5 2 30 3
0 9 12 3 15 21 16 1 0 9 5 33 50 14 0 0 7 76 11 0 0 7 14 1 34 8 10 0 4 0 0 0 1 11 218 6 0 25 6 0 0 0 0 0 1 1 0 0 0 1 72 0 1 4 5 1 2 2 6 1 44 85 15 1 19 0 57 57 12 6 79 1 6 0 16 4 10 1 0 0 112 0 0 0 0 24 6 1 7 1 16 0 22 2 6 211 0 11 1 2 10 23 16 3 31 7 6 4 22 2
0 10 18 0 8 31 7 0 0 13 21 26 65 26 0 0 18 96 3 0 0 1 15 2 23 2 2 5 1 0 0 7 3 7 225 1 2 22 5 2 0 1 1 0 1 13 0 1 0 0 86 0 0 1 8 0 0 0 10 0 62 73 17 1 43 0 18 21 4 11 94 3 2 0 6 8 3 3 1 1 125 0 0 0 0 11 5 5 4 0 18 0 28 3 2 232 4 4 1 3 7 20 13 0 41 10 6 2 33 0
0 9 16 1 10 34 4 0 0 3 0 11 16 22 2 2 11 42 4 0 0 1 14 5 26 8 4 2 8 0 0 0 4 18 276 4 1 6 5 0 0 0 0 0 0 10 0 1 0 0 77 1 0 5 2 0 1 4 7 0 56 64 14 1 27 2 36 47 3 7 93 1 14 0 10 11 9 4 0 0 122 0 0 0 0 19 2 4 3 0 18 0 21 6 2 197 2 5 1 2 12 17 4 2 45 8 5 6 29 3
0 9 19 2 8 43 9 3 0 42 3 23 71 49 1 3 28 126 4 0 0 0 5 2 6 0 1 0 2 0 0 1 0 14 186 11 5 20 7 0 1 1 0 0 0 12 0 0 2 0 69 0 3 3 9 0 4 7 7 1 51 73 17 1 37 0 5 35 3 2 91 1 0 0 8 4 6 3 1 0 116 0 0 0 0 9 5 4 4 0 19 0 22 4 0 237 0 8 0 6 6 19 8 0 48 8 4 2 38 0
0 22 6 0 1 16 11 0 0 27 48 1 80 37 0 0 29 133 16 0 0 0 5 1 42 9 1 1 2 0 0 1 2 17 212 6 0 17 1 0 0 0 0 0 0 3 0 0 0 0 21 0 0 0 1 7 0 0 3 0 45 84 17 1 22 2 6 28 22 8 93 0 0 0 2 32 3 6 0 1 59 0 0 0 0 46 7 3 8 1 15 0 23 6 0 281 0 11 0 1 0 4 28 3 39 6 1 9 20 1
0 18 20 0 15 34 12 2 0 4 2 7 13 14 2 2 7 31 0 0 0 0 2 2 48 16 1 4 7 6 0 13 2 20 274 3 1 15 16 0 0 0 0 0 0 1 0 0 0 0 49 0 0 1 0 3 1 6 7 0 51 59 14 1 36 14 25 35 2 3 119 1 9 0 2 7 5 3 0 1 97 0 0 0 0 5 1 1 0 0 21 1 35 7 2 220 0 1 1 0 5 8 5 1 58 12 8 6 45 2
0 11 18 3 15 16 13 2 0 17 19 37 82 20 0 2 8 116 14 0 2 4 2 0 9 2 4 0 0 0 0 0 1 7 151 1 0 8 7 0 0 0 0 0 1 3 0 0 0 0 35 0 0 0 2 3 0 3 24 0 47 92 16 1 16 2 58 64 8 4 87 0 0 0 4 19 1 2 0 0 70 0 0 0 0 28 4 3 9 2 31 0 22 2 1 258 0 10 1 2 5 16 18 2 42 10 1 4 33 0
0 5 17 2 4 13 17 1 0 46 24 16 88 20 1 2 6 134 20 0 2 7 6 0 11 11 0 0 0 0 0 0 0 9 164 2 3 22 13 2 0 0 0 1 0 4 0 0 0 2 33 0 1 0 0 5 0 0 0 0 34 98 17 1 21 0 62 45 14 4 90 0 0 0 0 27 3 4 0 0 67 0 0 0 0 16 14 2 7 0 20 0 22 4 2 288 0 13 0 2 6 23 21 1 44 15 4 15 26 0
0 14 6 5 9 14 2 0 0 60 28 31 124 21 0 1 14 159 14 0 5 3 4 2 17 0 2 0 2 2 0 0 1 3 120 4 1 17 4 0 0 0 0 1 0 3 0 0 2 0 37 0 0 3 5 0 1 4 9 0 47 105 15 1 20 0 74 42 21 1 89 0 0 15 14 0 6 6 0 0 78 0 0 0 0 27 17 6 10 2 22 0 25 3 1 267 2 10 0 1 6 23 23 4 24 5 5 1 19 0
0 22 15 1 13 17 4 1 0 7 8 21 37 11 0 0 7 52 3 0 1 1 6 6 28 0 1 2 2 0 0 23 1 11 218 3 1 13 13 0 0 0 0 0 1 8 0 0 0 0 63 0 2 1 5 1 1 13 3 0 59 80 14 1 20 6 43 59 3 5 105 5 2 0 4 17 18 3 1 0 127 0 0 0 0 9 4 3 2 0 20 0 28 2 5 232 1 7 0 4 3 12 9 0 51 8 3 3 39 3
0 15 23 0 9 12 5 0 0 22 31 4 61 22 3 0 15 101 16 0 0 5 0 0 61 19 12 2 0 0 0 0 0 28 225 1 4 5 4 1 0 0 0 0 1 4 0 1 0 0 26 0 0 2 5 17 0 1 1 1 72 84 17 1 17 0 6 47 11 17 88 0 0 0 6 27 6 3 0 0 77 0 0 0 0 47 10 4 4 2 18 0 24 4 0 250 0 4 0 4 2 6 19 2 34 9 5 9 32 6
0 10 12 2 10 20 4 1 0 32 12 43 89 31 1 1 9 135 13 0 0 7 1 3 8 0 0 8 6 6 0 0 0 19 168 5 2 26 12 0 0 1 0 0 3 6 0 0 2 0 33 0 0 1 5 3 1 3 4 0 49 126 16 1 18 4 37 52 20 1 92 0 1 0 4 15 6 5 0 0 69 0 0 0 0 12 5 1 3 0 15 0 28 0 4 251 3 6 1 2 4 20 29 3 27 9 7 0 24 1
0 19 6 4 5 18 2 0 0 26 29 6 64 35 0 1 27 137 30 0 0 12 2 2 58 13 13 1 0 0 0 0 0 31 214 2 0 8 3 0 0 0 0 0 0 1 0 0 0 3 15 0 0 0 1 9 0 0 1 1 39 99 17 1 18 0 4 35 16 17 94 0 1 0 6 35 3 4 0 0 51 0 0 0 0 55 10 10 6 0 23 0 28 6 1 274 2 13 0 0 2 4 33 0 26 5 3 4 19 2
0 12 7 2 10 21 8 1 0 51 8 25 87 27 1 1 14 128 13 0 2 4 6 2 5 2 0 0 0 0 0 0 0 29 172 3 5 15 5 0 0 3 0 0 2 4 0 0 1 0 30 0 2 1 8 1 0 4 5 1 66 111 17 1 30 0 28 37 10 0 93 0 0 14 2 0 5 5 0 0 64 0 0 0 0 17 18 7 5 1 17 1 31 4 14 310 2 11 1 7 6 24 17 0 37 9 6 7 26 2
0 2 12 1 7 26 7 0 0 7 7 14 33 20 0 0 12 58 5 0 0 4 3 2 10 2 2 0 0 0 0 1 0 32 189 3 1 17 0 1 0 0 0 0 0 5 0 0 1 0 44 0 0 1 2 3 1 6 12 1 65 106 16 1 19 4 0 66 2 2 120 0 1 4 4 4 6 6 0 1 75 0 0 0 0 14 7 4 2 2 14 0 24 8 2 245 1 9 1 7 5 26 23 0 64 6 7 9 42 0
0 6 3 2 5 17 8 0 0 38 29 21 88 15 0 3 10 121 15 0 0 2 5 1 15 1 9 0 1 0 0 0 0 9 182 15 0 9 8 0 0 0 0 0 0 3 0 0 0 0 47 1 1 0 8 2 0 1 7 0 52 99 17 1 14 6 59 52 19 17 77 0 0 0 0 3 2 4 0 0 66 0 0 0 0 30 10 3 16 0 20 0 23 3 0 238 1 9 1 1 2 6 21 0 41 1 2 5 23 0
0 9 15 4 8 15 8 2 0 14 15 55 90 21 0 1 16 120 5 0 0 1 4 1 44 13 21 0 0 0 0 0 1 16 192 9 0 13 2 1 0 1 0 0 0 5 0 0 2 0 32 0 0 3 8 2 0 6 1 0 48 91 15 1 17 4 58 48 6 19 58 0 0 0 28 14 9 3 0 0 76 0 0 0 0 29 2 1 2 0 28 0 19 1 1 252 0 7 0 0 5 11 12 3 30 3 5 5 26 2
0 6 7 5 8 8 3 0 0 6 7 53 69 20 0 0 12 95 6 0 0 1 3 4 10 4 2 0 1 1 0 3 1 47 222 8 5 19 1 2 0 0 0 1 0 3 0 0 0 0 35 0 0 1 2 2 2 2 4 0 59 79 14 1 10 0 58 84 6 32 101 0 0 17 0 0 3 5 0 0 64 0 0 0 0 13 5 4 12 1 13 0 21 13 5 225 1 4 0 6 3 9 9 2 33 2 2 1 28 2
0 4 6 0 8 13 7 0 0 37 41 10 89 17 1 5 8 126 14 0 0 6 7 1 12 0 5 1 1 1 0 1 0 11 160 7 2 15 5 1 0 0 0 0 0 5 0 0 1 0 39 1 0 0 6 3 2 1 10 0 72 105 15 1 13 6 55 41 20 37 71 0 0 0 2 4 12 1 0 0 64 0 0 0 0 40 4 4 15 1 31 0 16 5 3 256 0 5 1 2 2 10 24 2 26 2 1 4 15 0
0 10 21 3 9 30 2 1 0 16 9 5 31 12 0 1 8 54 9 0 1 3 3 0 51 13 22 0 4 0 0 0 1 47 267 4 0 9 8 0 0 0 0 0 1 1 0 1 0 0 28 0 0 0 3 5 2 1 3 0 43 63 14 1 15 0 84 47 12 21 64 0 3 0 10 34 3 1 1 1 68 0 0 0 0 20 5 6 6 2 22 0 29 1 13 250 0 2 0 0 5 12 16 1 41 4 8 2 35 0
0 15 12 1 10 25 11 1 0 11 10 12 34 17 3 2 8 57 6 0 2 1 2 2 23 2 0 3 8 0 0 13 0 25 262 3 1 14 1 0 0 0 0 0 0 4 0 0 0 0 46 0 3 3 1 4 1 11 11 1 37 50 13 1 19 8 59 54 9 6 97 0 11 0 10 20 7 2 0 0 89 0 0 0 0 9 3 3 1 1 23 0 24 5 4 221 0 1 0 4 3 8 8 3 39 8 5 2 31 3
0 19 16 3 11 31 5 1 0 6 9 32 50 29 0 3 12 83 4 0 1 0 4 1 4 0 4 0 3 1 0 0 1 8 183 5 0 13 4 0 0 0 0 0 0 3 0 0 2 0 51 0 0 4 2 0 2 6 7 0 53 91 17 1 18 0 34 47 6 20 85 1 1 0 0 7 1 1 0 0 97 0 0 0 0 30 1 1 1 0 50 0 30 0 3 268 0 7 0 6 3 10 12 2 40 12 2 0 25 6
0 4 4 2 5 21 10 0 0 34 31 19 84 19 0 3 15 129 21 0 0 1 7 0 17 2 10 0 2 0 0 0 0 2 183 16 0 11 9 0 0 0 0 0 0 4 0 0 0 0 49 1 0 0 9 2 0 0 5 0 47 92 18 1 13 12 63 56 28 15 72 0 0 0 0 4 2 5 0 0 67 0 0 0 0 32 9 3 15 0 19 0 18 2 0 236 0 13 2 2 2 5 19 0 42 1 4 5 33 0
0 8 20 3 11 40 8 0 0 0 0 26 29 36 2 5 20 67 1 0 0 0 4 0 13 5 1 0 10 1 0 0 1 12 250 5 2 7 3 0 0 2 0 0 0 11 0 0 2 0 51 1 0 4 2 0 1 2 8 0 54 79 17 1 27 0 10 51 0 3 81 2 1 0 8 3 6 3 0 0 98 0 0 0 0 11 9 2 3 0 24 0 19 2 3 200 2 0 0 0 9 22 6 0 69 15 7 7 61 0
0 15 11 2 6 15 10 0 0 55 20 28 105 23 1 0 13 148 17 0 2 9 1 1 23 9 2 1 1 0 0 0 0 18 153 2 4 18 4 1 0 0 0 0 2 2 0 0 0 0 25 0 1 0 1 2 0 6 3 0 41 119 16 1 40 0 48 21 11 2 87 0 0 23 10 4 9 3 0 0 68 0 0 0 0 15 16 7 5 0 30 0 34 7 4 307 3 15 0 2 4 16 18 0 28 4 7 3 24 0
0 11 13 2 7 25 7 4 0 11 12 6 33 15 1 0 12 54 6 0 0 2 1 1 56 15 21 0 9 0 0 7 0 44 281 3 0 8 2 0 0 0 0 0 0 3 0 0 0 0 15 0 0 0 3 1 1 0 1 0 47 63 16 1 17 0 79 58 9 4 76 0 0 0 6 37 6 0 0 0 47 0 0 0 0 24 2 0 0 0 37 0 33 2 5 234 0 2 0 0 1 5 19 2 51 3 6 2 25 0
0 16 15 3 1 27 5 0 0 12 11 51 77 27 2 2 16 112 6 0 1 2 0 0 32 11 18 0 0 0 0 0 0 20 217 9 0 11 5 1 0 0 0 0 0 7 0 0 2 1 40 0 0 0 5 2 1 4 5 1 50 78 16 1 21 0 26 50 6 5 66 2 3 0 12 13 16 2 0 0 93 0 0 0 0 20 4 1 2 0 35 0 24 1 1 243 1 10 0 0 7 13 13 1 48 15 8 0 42 1
0 16 19 1 14 13 2 0 0 7 14 3 27 21 1 3 13 54 5 0 0 0 1 1 73 27 31 1 2 0 0 4 1 36 255 1 0 18 1 0 0 0 0 0 0 4 0 0 0 0 14 0 1 0 3 4 2 1 0 0 55 67 15 1 16 0 89 47 13 11 76 0 1 0 20 36 11 1 0 0 63 0 0 0 0 18 3 2 6 0 35 0 23 5 6 261 0 2 0 0 2 6 17 5 36 1 6 2 27 0
0 6 6 5 4 16 8 1 0 2 4 25 39 11 0 0 7 57 7 0 0 2 1 2 8 4 1 0 0 0 0 1 0 27 209 5 0 9 6 0 0 1 0 0 0 4 0 0 0 0 33 0 1 0 0 9 1 1 11 0 111 73 14 1 13 0 70 68 13 16 85 1 9 13 8 8 2 3 0 1 57 0 0 0 0 26 2 0 3 5 18 0 19 7 9 229 2 4 1 3 3 9 15 3 37 6 5 4 21 2
0 8 14 0 5 20 10 0 0 19 14 23 67 22 3 2 11 98 9 0 1 4 5 1 10 10 0 0 0 0 0 0 1 10 204 3 3 13 11 4 0 0 0 0 0 4 0 0 0 1 25 0 0 0 4 3 0 1 0 0 35 128 18 1 20 0 27 53 12 0 101 0 0 0 0 14 3 2 0 0 56 0 0 0 0 20 8 5 7 0 30 0 23 3 5 294 1 14 1 3 4 12 25 1 33 3 12 4 34 0
0 5 7 0 9 23 13 4 0 3 3 10 16 12 1 3 6 33 5 0 0 4 5 2 23 10 2 3 3 0 0 1 1 37 207 3 1 16 7 4 0 1 0 1 2 3 0 0 0 0 35 1 6 2 6 7 0 8 10 0 49 98 13 1 39 0 18 28 2 0 102 4 2 1 0 0 0 4 0 0 64 0 0 0 0 13 8 1 0 2 20 0 21 8 10 193 0 4 0 1 10 30 18 0 40 3 0 8 27 3
0 6 19 2 11 33 13 0 0 34 0 15 55 31 0 2 16 97 5 1 0 3 15 9 9 3 4 0 4 1 0 1 0 24 181 2 2 19 6 0 0 0 1 0 0 10 0 1 0 0 66 1 4 2 1 3 1 5 9 2 76 115 16 1 37 0 16 40 1 0 111 1 4 0 0 1 3 3 1 1 108 0 0 0 0 4 24 7 2 1 19 0 23 9 0 271 0 18 0 4 9 21 14 0 40 7 6 6 29 0
0 10 13 6 14 40 6 0 0 4 0 3 13 21 0 4 6 46 11 0 1 1 3 4 29 8 1 1 0 0 0 1 0 13 243 1 7 14 16 0 0 1 0 0 0 4 0 1 0 0 76 0 4 0 6 1 3 9 4 0 75 100 18 1 57 0 16 14 3 10 128 0 3 0 6 4 0 0 0 0 109 0 0 0 0 9 8 0 1 2 30 0 30 4 4 288 2 7 1 1 4 9 13 0 60 8 5 3 44 3
0 5 6 4 4 15 8 1 0 17 11 16 46 31 1 8 16 86 9 0 0 4 4 0 35 3 5 9 13 0 0 0 2 13 218 0 2 20 11 2 1 0 1 0 4 1 0 0 0 0 52 0 0 0 6 7 0 1 29 0 55 88 17 1 24 0 57 41 13 8 87 0 1 0 4 24 0 0 0 0 71 0 0 0 0 17 15 3 6 1 14 0 24 1 8 236 2 10 0 2 8 20 14 1 58 3 2 3 44 0
0 9 21 2 11 41 16 4 0 3 1 1 8 14 0 1 5 37 9 0 0 0 5 2 23 1 2 0 0 0 0 0 0 24 245 5 2 26 8 1 0 0 0 0 1 8 0 0 2 0 83 0 1 4 3 3 2 9 1 0 68 108 17 1 65 0 2 13 3 8 144 1 4 0 3 4 1 0 0 0 123 0 0 0 0 14 3 0 6 1 34 0 28 7 2 296 1 11 1 1 3 12 18 2 44 13 3 3 24 6
0 3 11 2 7 25 5 0 0 4 4 16 25 13 0 2 8 47 7 0 0 2 5 2 7 0 0 0 2 0 0 1 1 36 185 3 2 10 5 1 1 0 0 1 0 1 0 0 0 0 44 0 2 4 1 3 1 2 11 0 44 79 12 1 23 0 38 33 5 9 67 1 5 7 0 0 2 3 1 1 75 0 0 0 0 17 1 6 3 1 11 0 20 0 18 207 0 8 0 3 4 15 24 1 50 9 2 3 21 12
0 7 16 2 5 28 9 0 0 12 5 13 35 24 0 2 10 70 8 0 1 1 4 4 49 2 3 23 16 3 0 0 0 7 237 0 6 17 5 0 0 0 0 0 0 12 0 1 4 1 50 1 0 3 3 2 1 5 39 0 52 88 16 1 33 0 39 39 4 2 111 0 0 0 0 15 3 5 0 3 91 0 0 0 0 11 5 3 5 0 14 1 20 2 18 250 3 20 0 4 12 27 15 2 28 10 4 0 17 2
0 16 40 2 10 22 3 0 0 15 2 16 36 29 2 0 23 74 8 0 0 2 3 2 14 4 0 0 1 0 0 0 0 13 220 6 5 6 6 0 0 0 0 0 3 4 0 4 4 2 54 0 0 5 4 0 1 10 2 0 62 114 17 1 33 2 20 33 5 5 73 0 1 0 4 8 19 7 0 0 143 0 0 0 0 10 4 1 3 2 26 0 17 3 4 229 3 9 0 4 4 20 13 0 53 6 6 4 50 2
0 8 19 3 10 13 3 0 0 15 2 10 28 41 1 6 16 80 9 0 0 5 6 1 43 4 0 25 6 0 0 1 0 18 204 0 1 23 10 0 0 1 0 0 5 5 0 0 2 0 39 0 0 3 5 3 3 2 15 0 53 100 15 1 28 2 53 33 13 7 104 1 5 0 12 20 7 3 3 4 89 0 0 0 0 13 11 1 1 2 8 0 19 5 8 246 2 12 1 5 7 22 20 0 52 8 5 2 33 0
0 10 10 2 8 22 15 3 0 3 2 15 22 22 0 2 7 50 3 0 0 2 10 1 37 24 0 1 10 7 0 0 1 14 282 2 5 17 4 0 0 1 0 0 0 4 0 2 0 0 70 1 0 2 6 2 3 13 2 0 64 101 15 1 48 0 19 29 1 2 115 2 4 0 5 12 3 3 1 0 103 0 0 0 0 6 7 3 4 1 27 1 27 5 0 228 1 2 1 3 7 15 14 0 55 12 6 3 40 5
0 9 27 2 10 32 16 1 0 11 8 19 40 14 1 1 6 67 11 0 0 6 9 1 25 9 0 0 6 1 0 2 1 3 224 1 1 16 10 0 0 0 0 0 0 3 0 1 2 1 63 0 0 2 7 2 0 6 4 0 54 77 15 1 28 4 32 35 14 4 97 0 4 0 2 12 6 0 0 1 110 0 0 0 0 22 10 0 1 2 15 0 24 4 1 234 0 8 0 2 7 17 11 0 64 19 5 6 38 0
0 13 21 5 10 27 12 0 0 1 1 26 32 28 0 3 11 77 14 0 0 5 8 3 17 5 2 2 2 0 0 0 1 12 203 0 5 16 8 0 1 0 0 0 1 7 0 0 2 0 78 0 1 4 8 5 0 11 10 0 71 104 17 1 32 0 25 33 10 3 90 0 2 0 4 9 8 1 1 0 133 0 0 0 0 13 8 3 1 0 16 0 18 1 3 229 1 17 0 8 3 22 13 0 40 11 6 2 34 0
0 7 24 4 11 25 17 2 0 21 0 5 29 42 0 3 15 78 3 0 0 0 6 1 17 3 0 0 0 0 0 0 0 17 205 4 2 20 11 0 0 2 0 0 0 9 0 3 6 0 57 0 0 6 10 1 3 7 6 0 73 107 17 1 43 2 24 31 3 1 83 0 2 0 2 3 12 5 1 1 117 0 0 0 0 15 5 1 4 0 27 0 24 6 2 251 1 7 0 4 9 28 16 0 47 8 7 8 27 1
0 1 9 4 6 28 5 3 0 0 1 7 8 32 0 2 15 48 7 0 0 4 4 1 15 2 3 5 3 0 0 0 1 46 239 0 1 17 7 0 0 0 1 0 1 3 0 2 4 2 45 0 1 6 3 4 0 5 14 0 41 104 17 1 44 0 19 28 2 3 123 0 0 0 0 7 5 4 3 1 80 0 0 0 0 13 20 4 3 2 19 0 28 2 4 273 0 10 1 7 18 30 19 0 55 3 7 0 47 1
0 11 15 1 10 33 28 7 0 18 0 23 43 17 0 1 12 64 0 0 0 0 4 3 5 0 1 0 4 2 0 1 3 16 198 2 2 10 8 0 0 0 0 0 1 7 0 1 0 1 65 0 5 0 4 0 1 4 2 0 44 68 15 1 30 2 0 41 1 0 81 0 0 1 0 4 5 2 2 0 106 0 0 0 0 6 7 0 0 0 9 0 26 2 2 190 0 5 2 1 8 15 2 0 38 7 5 6 32 0
0 6 18 3 5 27 9 2 0 40 6 25 74 18 0 3 11 97 3 0 0 0 2 2 1 1 0 0 0 0 0 0 3 6 169 0 0 24 7 1 0 0 0 0 1 10 0 1 0 1 53 0 0 1 4 3 1 1 4 0 45 92 15 1 30 0 20 37 3 1 67 0 0 4 4 0 6 3 0 0 92 0 0 0 0 11 3 6 1 1 15 0 17 5 5 195 1 14 0 2 4 19 9 1 38 7 2 7 31 1
0 5 9 3 4 44 4 0 0 13 5 7 29 33 2 3 12 70 8 0 1 7 5 5 35 2 1 16 3 0 0 0 0 29 196 1 0 19 6 0 0 0 1 0 3 3 0 0 10 0 41 0 0 5 2 9 0 4 24 0 69 121 17 1 31 0 35 31 9 5 99 0 2 0 8 18 4 1 0 2 70 0 0 0 0 23 9 2 2 2 25 0 25 1 3 244 0 5 1 5 10 25 17 1 42 7 0 1 24 0
0 6 10 9 6 55 2 0 0 6 3 6 21 29 0 2 17 62 10 1 1 6 6 3 19 2 1 6 1 0 0 0 1 29 209 2 1 22 11 0 0 0 1 0 3 1 0 0 0 0 48 0 0 0 6 1 0 5 22 1 40 105 16 1 32 2 38 33 10 2 104 0 0 0 2 17 0 2 2 0 77 0 0 0 0 16 7 6 2 0 27 1 38 2 1 269 1 2 0 3 9 24 14 0 45 2 11 2 37 1
0 5 20 0 3 31 1 0 0 2 4 9 19 23 3 3 12 53 10 0 0 1 8 7 38 1 1 14 5 0 0 0 0 27 228 1 1 15 13 0 0 0 0 0 0 1 0 0 0 1 47 0 0 1 4 7 0 4 25 0 55 114 17 1 33 0 23 27 8 8 115 0 3 0 2 9 7 1 0 2 83 0 0 0 0 21 6 2 2 1 25 0 26 1 6 240 1 5 1 6 17 34 15 1 45 0 5 0 31 8
0 3 7 5 5 23 11 1 0 16 12 12 40 28 0 1 14 83 15 0 1 4 18 0 43 0 5 23 14 1 0 0 0 18 248 0 5 20 13 1 0 1 0 0 0 2 0 0 0 0 58 0 3 0 5 3 0 0 34 0 33 58 17 1 31 2 58 32 16 1 99 0 0 0 4 27 3 1 0 1 82 0 0 0 0 16 11 0 9 0 11 2 11 2 12 253 2 12 0 3 12 25 13 0 33 11 5 4 20 0
0 6 14 1 10 44 14 4 0 6 0 13 20 14 0 3 7 43 3 0 2 0 12 0 23 11 1 0 7 0 0 1 1 59 259 2 0 17 4 0 0 0 0 0 0 10 0 0 0 0 64 0 2 2 1 4 0 4 6 0 41 81 17 1 24 0 40 46 5 6 90 0 0 2 6 0 4 2 1 0 96 0 0 0 0 1 10 1 3 1 12 0 25 4 31 264 0 7 1 5 11 23 9 0 39 2 0 4 28 0
0 12 25 6 11 32 2 0 0 3 5 28 40 24 1 3 17 75 11 0 0 3 3 1 23 10 0 9 1 0 0 0 0 23 201 1 0 18 8 1 0 0 1 0 0 5 0 0 0 0 68 0 1 3 6 5 0 7 5 0 66 85 16 1 26 0 24 42 6 4 86 0 0 4 15 1 1 5 1 1 124 0 0 0 0 25 9 1 2 1 32 0 38 0 3 253 0 3 0 1 3 13 10 0 41 13 7 2 24 0
0 3 19 5 8 15 6 1 0 8 4 7 24 27 0 1 11 69 12 0 0 0 27 3 14 11 0 0 1 0 0 0 0 23 270 2 1 21 8 0 0 1 0 0 1 1 0 0 2 1 60 0 0 2 1 8 1 1 7 0 50 90 18 1 39 0 0 29 8 3 122 0 4 0 4 18 0 0 0 0 89 0 0 0 0 13 12 4 9 4 12 0 22 10 1 286 3 8 1 2 8 23 15 0 35 11 4 6 29 0
0 3 16 4 9 17 0 0 0 6 3 8 29 24 0 2 8 62 4 0 0 2 16 4 16 10 0 0 9 6 0 0 3 34 339 1 0 18 12 0 0 0 0 0 0 2 0 0 0 0 60 0 1 0 4 8 4 2 8 0 52 89 17 1 37 0 4 38 4 1 119 0 1 0 6 15 1 1 0 0 86 0 0 0 0 14 12 1 6 2 21 3 17 2 2 279 3 6 2 1 8 15 16 1 34 11 6 4 26 1
0 2 10 8 13 30 20 0 0 8 5 9 24 26 0 1 12 60 7 0 0 3 17 3 20 8 0 0 0 0 0 2 2 18 280 2 2 12 13 0 1 0 2 0 0 0 0 1 2 0 57 0 0 1 3 2 2 3 19 0 41 67 17 1 44 0 4 31 3 1 125 2 0 0 2 13 0 0 0 0 79 0 0 0 0 11 6 8 1 1 15 2 31 4 0 269 8 9 1 1 12 19 11 0 38 12 3 6 40 0
0 7 8 4 8 30 5 0 0 8 0 5 16 21 0 0 11 40 3 0 1 1 15 1 17 2 0 2 2 1 0 1 0 23 264 1 7 19 14 0 1 1 0 1 2 3 0 3 0 0 57 0 2 0 2 13 3 5 23 1 58 54 16 1 38 0 12 37 2 1 111 1 14 0 10 7 1 1 0 0 81 0 0 0 0 4 7 2 1 2 15 0 21 4 0 267 3 12 1 1 19 30 4 0 53 11 2 1 31 0
0 14 31 0 6 37 10 2 0 8 10 58 77 34 0 0 18 125 13 0 0 5 0 1 27 12 1 0 0 0 0 0 0 18 175 5 1 13 2 0 0 2 0 0 0 4 0 0 2 0 49 0 0 0 2 0 4 7 0 0 41 84 18 1 16 0 40 69 11 2 80 0 0 0 19 5 16 3 0 0 114 0 0 0 0 27 3 4 0 1 21 0 26 2 1 225 1 7 0 7 6 17 16 0 44 14 5 4 42 3
0 8 11 4 4 12 8 0 0 3 2 44 51 23 0 1 20 82 6 0 0 0 8 2 45 28 0 4 3 0 0 0 1 3 257 3 2 24 7 0 0 4 0 0 2 4 0 0 6 0 51 0 0 3 2 1 1 5 4 0 52 117 16 1 16 2 17 81 2 1 98 1 3 0 2 6 4 1 0 0 82 0 0 0 0 12 7 1 1 2 8 0 28 5 2 211 1 4 0 7 5 14 20 0 47 4 2 11 51 0
0 6 7 5 3 14 3 1 0 10 19 52 84 36 1 0 26 130 9 0 1 2 1 1 43 27 0 0 1 1 0 3 1 7 194 8 1 22 9 0 0 1 0 0 1 4 0 0 6 0 52 2 0 2 5 0 0 3 1 0 45 113 16 1 16 0 61 60 16 3 81 0 0 0 9 9 9 0 0 0 83 0 0 0 0 27 14 3 3 0 22 0 20 4 1 224 0 16 0 6 7 18 29 0 36 9 3 3 35 2
0 5 9 0 5 23 22 0 0 47 13 22 83 36 0 1 23 128 5 0 0 1 17 1 40 7 2 31 2 1 0 0 0 22 214 5 0 22 7 0 0 1 0 0 1 4 0 1 2 0 64 0 1 1 9 1 0 1 6 0 41 84 17 1 27 0 30 50 6 1 91 0 2 0 0 2 1 3 2 0 86 0 0 0 0 6 10 4 3 2 22 0 22 4 1 249 3 20 1 0 14 36 14 0 41 7 2 3 41 0
0 7 12 2 3 15 18 3 0 65 1 24 91 20 0 2 7 121 10 1 1 1 4 1 49 0 9 4 4 0 0 0 1 18 204 5 5 12 5 0 0 0 0 0 0 5 0 0 0 0 31 0 0 1 4 4 0 2 4 0 45 86 15 1 26 2 25 46 8 2 120 0 0 0 4 6 4 3 0 0 61 0 0 0 0 9 10 3 6 1 18 0 33 14 4 278 1 13 1 4 5 15 15 2 37 6 6 6 28 0
0 8 5 2 7 24 14 0 0 12 15 30 58 39 1 2 22 103 4 0 0 1 5 2 38 4 1 33 1 0 0 1 0 16 226 11 0 15 9 1 0 2 0 0 1 11 0 0 0 0 36 0 0 1 1 1 1 0 5 0 44 62 17 1 27 0 21 42 9 4 100 25 0 0 0 2 1 2 0 3 59 0 0 0 0 15 11 0 5 0 26 0 15 0 3 240 1 13 0 0 1 16 10 0 71 8 5 5 44 2
0 2 9 2 7 12 6 1 0 48 5 24 79 25 0 1 16 112 5 0 0 3 13 0 28 2 2 4 2 0 0 2 2 6 179 6 2 28 7 0 0 1 0 0 2 5 0 4 2 0 52 0 1 1 5 8 1 0 12 1 52 91 14 1 26 2 31 42 9 3 104 1 2 0 2 10 2 3 0 1 73 0 0 0 0 21 17 2 12 2 18 1 24 2 6 293 6 13 1 2 5 27 19 1 31 6 5 6 29 0
0 10 28 2 9 41 11 2 0 1 0 11 15 29 0 2 16 50 4 0 0 3 9 3 17 4 10 2 1 0 0 0 2 41 250 0 1 13 10 0 0 0 0 0 1 4 0 0 2 0 58 1 2 1 8 11 0 12 3 0 70 86 17 1 41 0 10 30 4 1 118 0 0 0 6 0 1 2 0 0 105 0 0 0 0 10 3 3 0 0 26 0 26 4 10 278 0 7 0 4 6 19 10 0 32 2 5 4 30 7
0 10 31 3 7 49 7 2 0 2 0 14 17 14 0 4 6 40 7 0 0 2 2 2 15 0 10 3 0 0 0 0 0 28 238 3 2 9 11 1 0 1 1 0 0 7 0 0 0 0 60 0 4 1 3 14 0 11 11 0 63 89 17 1 36 0 4 33 4 3 125 0 0 0 12 0 1 4 0 0 115 0 0 0 0 19 3 1 3 0 30 0 19 4 6 256 0 8 0 1 1 10 11 2 41 5 3 1 24 3
0 13 31 5 10 34 7 0 0 4 6 6 19 12 1 1 9 42 6 0 0 4 5 2 20 1 19 0 1 0 0 1 0 37 250 3 0 12 12 0 0 0 0 0 0 4 0 0 2 1 45 0 1 1 7 16 0 2 5 0 56 91 16 1 19 0 49 62 10 1 121 0 0 0 0 1 1 4 0 2 103 0 0 0 0 18 5 1 0 2 36 0 27 4 10 285 1 6 1 1 1 10 13 1 33 2 8 4 36 2
0 17 28 2 3 33 18 7 0 11 10 30 52 25 0 3 11 96 18 0 1 3 1 2 19 0 0 0 1 0 0 0 0 11 175 3 0 15 7 0 0 0 0 0 0 4 0 0 0 1 38 0 0 0 1 0 0 10 3 0 38 81 16 1 19 0 53 59 6 3 89 0 0 0 40 14 10 1 0 1 97 0 0 0 0 16 1 2 2 2 26 0 31 2 7 249 0 12 0 6 1 9 14 1 41 13 4 1 37 13
0 10 34 7 6 17 16 2 0 15 22 19 58 8 0 0 6 82 16 0 0 10 0 0 37 0 0 0 0 0 0 0 0 11 146 10 0 5 4 2 2 2 0 0 0 0 0 0 0 0 23 0 0 0 5 0 0 3 2 0 35 84 17 1 15 0 117 52 19 7 88 0 0 0 30 24 10 1 0 0 89 0 0 0 0 38 5 2 3 5 19 0 25 0 4 248 0 14 0 2 2 10 14 0 36 16 6 4 35 5
0 13 35 4 3 33 15 5 0 9 13 37 62 35 0 2 15 108 11 0 0 5 3 0 16 0 0 0 0 0 0 0 0 42 198 2 0 13 6 0 0 0 0 0 0 1 0 0 2 0 42 0 0 1 5 1 0 8 2 0 39 80 18 1 20 0 51 49 12 5 88 0 0 0 10 19 9 0 0 0 104 0 0 0 0 26 2 1 2 1 26 0 19 1 5 265 1 14 0 6 1 7 16 0 37 6 2 1 41 4
0 17 39 3 4 35 10 4 0 1 3 51 56 28 1 1 11 89 5 0 0 3 2 0 20 2 0 0 1 0 0 1 1 8 196 11 0 13 3 0 0 0 0 1 0 3 0 0 6 0 42 0 0 2 4 4 1 10 3 0 39 84 16 1 21 2 17 59 4 2 111 0 0 0 6 10 13 2 0 0 119 0 0 0 0 20 3 4 2 1 24 0 27 2 2 239 1 9 0 2 3 10 17 0 49 11 2 2 50 2
0 12 30 3 2 18 8 1 0 43 5 22 72 22 0 1 9 103 7 0 1 5 5 5 22 1 2 0 0 0 0 0 1 13 154 4 5 24 7 0 0 0 0 0 3 8 0 0 2 0 39 0 1 1 12 2 1 4 3 0 60 114 16 1 29 2 22 34 5 10 111 0 0 1 6 2 0 5 0 0 92 0 0 0 0 28 9 9 2 0 25 0 31 2 9 292 3 14 1 2 11 33 32 3 29 1 4 2 22 2
0 25 36 7 14 29 8 0 0 4 9 17 43 21 0 2 11 72 6 0 0 4 9 4 61 3 1 0 1 0 0 0 0 7 209 1 4 19 2 0 0 1 1 0 2 9 0 0 0 0 68 0 0 1 6 5 1 2 4 1 43 104 18 1 31 0 16 35 9 4 96 0 0 2 0 0 0 1 0 0 138 0 0 0 0 15 11 2 7 0 32 1 37 2 2 287 0 11 0 4 4 31 23 0 39 12 5 0 21 0
0 24 22 4 17 20 13 4 0 8 13 5 29 9 0 0 2 46 6 1 1 2 0 1 59 31 7 2 3 0 0 0 1 21 257 4 3 26 5 1 0 1 0 0 2 3 0 0 0 0 57 1 1 1 0 6 0 5 1 0 52 103 16 1 38 0 26 31 3 2 83 1 0 12 18 0 0 1 0 0 112 0 0 0 0 17 8 5 8 1 19 0 24 6 6 259 0 10 1 6 4 18 22 1 25 2 8 1 25 3
0 3 22 4 3 21 10 0 0 16 15 10 49 23 0 0 17 84 11 0 1 5 13 2 36 7 0 1 1 1 0 1 1 5 226 2 1 16 1 2 0 0 0 0 0 3 0 1 1 1 45 0 2 1 6 6 2 3 16 1 52 75 14 1 29 2 34 40 10 2 105 0 9 11 2 0 2 4 0 1 86 0 0 0 0 14 4 8 3 1 15 2 22 6 16 274 3 11 1 3 5 9 11 2 48 2 5 2 37 0
0 17 22 2 8 7 8 0 0 9 6 14 33 29 1 1 17 72 8 0 0 5 4 0 92 5 2 16 2 0 0 0 0 8 244 1 6 16 2 1 0 1 1 0 4 11 0 0 2 0 70 0 1 1 2 5 0 3 14 0 44 104 16 1 38 0 20 23 11 6 102 0 1 11 2 0 0 2 1 1 118 0 0 0 0 19 6 1 5 0 20 0 21 6 4 244 2 17 0 2 13 39 22 0 31 6 1 3 26 3
0 11 9 0 4 21 15 2 0 3 8 23 45 20 0 0 15 89 22 0 0 3 4 3 35 2 0 2 0 0 0 0 1 5 197 2 1 27 3 0 0 0 0 0 0 8 0 0 0 0 43 0 1 0 1 0 1 5 9 0 49 96 17 1 25 0 46 38 15 5 92 1 0 16 10 0 0 7 5 0 76 0 0 0 0 21 6 3 5 0 21 0 23 10 0 254 3 10 1 1 13 27 19 2 46 5 3 1 36 2
0 13 17 2 6 17 10 0 0 58 3 23 86 30 1 0 15 124 5 0 0 2 6 5 16 0 0 0 0 0 0 2 0 3 192 2 3 17 5 0 0 3 0 0 0 8 0 1 0 0 60 0 0 0 5 0 1 3 7 1 56 97 18 1 31 0 14 47 1 0 117 0 0 0 2 1 0 3 0 0 96 0 0 0 0 9 11 5 6 3 17 2 33 9 4 265 1 16 0 1 16 39 20 0 34 1 1 4 30 0
0 10 22 2 5 20 13 0 0 9 12 22 50 18 0 1 14 80 12 0 0 5 6 1 29 4 1 8 0 0 0 0 0 6 186 3 3 17 8 1 0 1 0 0 1 1 0 0 0 0 47 0 0 1 4 2 2 5 11 0 62 113 15 1 30 0 70 34 10 2 93 0 7 14 30 0 9 2 1 1 96 0 0 0 0 26 2 2 1 0 20 0 24 2 5 223 0 5 0 3 4 18 13 1 39 7 3 4 36 0
0 3 18 3 0 24 11 0 0 8 4 16 32 23 0 3 11 66 10 0 0 4 29 1 4 1 0 0 0 0 0 1 0 13 156 2 1 25 10 0 0 2 0 0 3 5 0 0 2 2 53 1 2 1 5 1 1 3 9 0 44 137 16 1 36 0 32 33 6 1 92 0 2 15 18 0 3 0 0 1 85 0 0 0 0 24 8 4 4 2 16 1 23 3 5 280 2 11 0 3 13 33 14 3 43 6 7 6 36 0
0 22 13 0 15 35 7 0 0 16 9 7 35 19 0 4 10 60 5 1 1 0 6 0 19 16 1 0 3 0 0 0 4 34 233 1 4 7 4 0 0 1 0 0 0 6 0 0 0 2 56 0 0 0 4 3 3 10 2 0 54 74 18 1 43 0 36 12 10 10 99 0 0 14 8 0 0 3 0 0 94 0 0 0 0 7 7 0 4 0 31 0 26 3 1 257 0 2 0 1 4 14 15 2 69 8 2 4 45 0
0 5 26 3 7 14 3 0 0 51 23 18 94 19 0 1 7 130 15 0 1 4 4 5 3 0 1 0 0 0 0 0 0 12 127 0 0 19 6 0 0 1 0 0 0 1 0 0 3 2 29 0 0 1 9 2 2 1 8 0 79 142 17 1 24 0 56 28 9 15 116 0 0 0 6 1 1 5 0 0 70 0 0 0 0 16 8 5 4 2 14 0 22 3 8 258 1 15 0 0 11 27 30 7 35 5 3 4 28 3
0 7 17 2 5 18 8 0 0 64 10 23 101 35 2 0 21 145 7 0 0 4 7 1 3 0 0 1 5 0 0 4 0 6 166 4 0 25 10 0 0 0 0 0 1 9 0 0 2 0 69 0 0 1 3 2 0 5 9 0 52 109 18 1 28 0 29 37 9 5 96 0 0 4 0 0 1 2 0 0 100 0 0 0 0 19 5 3 3 0 11 0 21 9 4 222 2 9 0 4 11 24 17 1 51 15 0 2 27 0
0 12 8 2 1 12 10 0 0 14 36 13 70 26 0 0 14 105 7 0 0 4 5 4 12 1 1 0 2 0 0 0 0 23 169 4 2 22 8 4 0 1 0 0 0 5 0 2 0 0 52 0 4 1 3 4 3 7 5 0 68 119 17 1 20 0 0 48 12 9 83 0 2 11 16 0 2 4 0 0 90 0 0 0 0 33 15 5 7 0 20 0 23 2 4 235 1 12 1 9 6 18 26 2 29 7 2 5 18 0
0 19 13 5 5 19 5 1 0 76 18 19 113 25 0 4 13 158 18 0 1 2 5 0 8 0 2 1 3 0 0 2 0 3 156 3 0 21 7 0 0 0 0 0 4 1 0 0 0 0 60 0 1 0 2 0 1 5 4 0 37 117 16 1 24 4 46 36 9 13 73 0 0 3 2 0 13 4 0 2 117 0 0 0 0 17 17 4 5 1 14 0 21 8 2 275 0 15 0 5 4 18 27 1 29 6 1 2 17 0
0 5 10 3 7 13 12 1 0 18 21 12 55 11 2 1 2 78 8 0 0 3 9 1 37 9 8 0 2 1 0 1 0 15 200 2 4 11 7 1 0 0 0 0 0 1 0 0 3 1 33 0 2 2 5 6 2 5 14 0 55 84 14 1 22 2 60 39 14 9 99 0 3 15 4 0 4 4 0 0 65 0 0 0 0 16 6 2 10 3 17 0 35 6 2 292 5 5 1 2 6 10 22 2 41 4 1 5 29 2
0 16 16 2 4 13 12 11 0 12 13 20 53 19 1 2 4 80 6 0 2 1 1 0 15 1 0 0 7 0 0 0 0 19 194 7 0 7 5 0 1 0 0 0 1 2 0 0 0 0 49 0 0 0 3 0 2 1 3 0 82 87 16 1 23 2 70 30 9 17 82 0 1 1 16 0 10 0 0 1 95 0 0 0 0 33 9 2 7 0 13 0 21 2 0 215 1 7 0 2 3 14 14 3 33 7 5 6 31 4
0 18 20 7 11 42 6 1 0 8 11 18 47 13 0 0 6 68 6 0 0 3 3 0 33 20 0 1 8 0 0 0 0 22 216 1 5 12 3 0 0 0 0 0 0 9 0 1 0 0 67 0 1 0 1 5 0 5 7 1 47 80 17 1 41 0 34 23 6 5 82 0 0 12 16 1 0 2 0 0 116 0 0 0 0 14 5 4 6 1 24 0 23 5 2 250 0 13 0 0 5 13 14 1 44 6 6 3 36 5
0 12 18 1 9 16 16 1 0 66 7 27 104 17 2 1 11 136 10 0 1 1 7 2 31 0 0 0 8 0 0 0 1 12 161 1 0 25 6 1 0 0 0 0 0 4 0 0 3 0 39 0 1 1 2 0 1 5 9 0 34 126 16 1 30 2 34 28 6 12 100 0 0 7 2 1 10 2 0 0 85 0 0 0 0 26 18 4 2 0 19 0 27 3 0 249 0 14 0 2 7 23 23 1 37 6 2 6 28 0
0 10 14 6 4 26 13 3 0 4 8 24 39 31 0 7 11 83 9 0 2 1 7 2 6 0 2 0 4 0 0 0 1 13 179 1 5 22 9 0 0 0 0 0 1 6 0 0 1 0 66 0 0 0 2 2 3 5 5 0 63 107 15 1 24 2 28 40 11 6 115 0 1 0 12 0 4 0 1 0 102 0 0 0 0 27 9 3 5 0 17 1 28 2 3 254 1 9 1 6 1 10 13 3 43 10 8 6 33 1
0 8 18 2 2 23 5 0 0 11 6 18 42 21 2 2 7 75 9 0 0 4 14 0 37 10 1 22 0 0 0 1 2 15 177 1 2 21 7 1 0 0 0 0 1 5 0 0 0 0 49 0 1 0 2 2 0 3 4 0 49 136 15 1 17 4 72 55 21 4 74 0 0 27 6 0 1 1 0 1 83 0 0 0 0 27 8 6 7 0 23 0 24 2 13 250 0 10 0 0 10 20 17 4 48 17 2 4 21 2
0 4 10 2 3 12 5 1 0 6 11 30 51 12 0 3 8 72 6 1 0 4 3 2 25 10 0 1 0 0 0 0 0 7 156 0 2 13 3 0 0 0 1 0 1 7 0 0 1 0 42 0 1 1 6 8 1 3 4 0 56 88 13 1 21 0 45 30 8 15 69 0 0 7 8 0 10 5 1 1 78 0 0 0 0 12 8 8 7 0 17 0 40 7 0 252 1 15 0 0 1 7 27 1 22 6 5 1 14 2
0 8 6 3 5 11 5 0 0 19 19 35 78 21 0 5 11 117 17 0 5 5 4 2 9 9 0 0 0 0 0 0 2 6 149 1 1 13 4 0 0 0 0 0 1 2 0 0 0 0 31 0 0 0 3 2 0 1 11 0 32 52 12 1 15 0 84 41 21 8 77 0 0 3 2 0 5 4 1 1 59 0 0 0 0 16 4 1 16 1 17 0 32 1 1 235 1 9 0 0 2 8 9 1 25 3 3 2 24 1
0 18 20 1 10 22 2 0 0 21 11 33 70 15 0 1 13 88 3 0 0 2 5 5 55 14 9 1 3 0 0 0 0 20 219 10 0 6 5 1 0 2 0 0 0 5 0 2 0 1 63 0 1 1 7 3 2 13 7 0 65 83 16 1 31 0 0 29 6 11 128 0 1 0 0 21 0 4 0 2 111 0 0 0 0 13 8 3 3 1 26 0 29 3 2 252 1 7 0 2 12 27 19 1 30 4 3 2 26 1
0 8 21 1 4 18 5 0 0 24 20 49 98 35 0 6 26 141 7 0 0 2 6 2 0 0 0 0 0 0 0 1 0 10 150 1 1 16 7 0 0 1 0 0 0 3 0 1 0 1 80 0 0 2 5 0 0 6 3 0 57 68 16 1 14 0 82 52 23 13 83 0 2 0 4 6 0 3 1 0 116 0 0 0 0 24 3 2 3 1 19 0 16 5 12 220 0 6 0 4 8 22 8 1 24 9 5 1 40 0
0 22 27 4 8 15 1 0 0 29 32 28 93 18 0 1 12 119 7 0 0 1 2 0 22 3 5 0 0 0 0 0 0 30 199 6 0 14 3 0 0 0 1 0 0 2 0 0 0 1 47 0 0 1 5 2 0 4 3 0 48 87 18 1 20 0 48 28 15 17 77 0 1 0 6 26 4 7 0 1 113 0 0 0 0 21 2 2 10 0 31 0 22 0 6 258 0 4 0 5 3 8 25 0 52 6 1 4 20 0
0 11 13 1 8 13 4 2 0 8 11 40 69 15 0 2 6 93 8 0 1 1 3 4 22 8 0 0 1 0 0 1 1 16 156 0 4 17 7 0 0 0 0 0 1 0 0 0 2 0 31 0 3 2 3 1 0 2 10 0 35 107 13 1 21 0 31 42 9 1 75 0 0 4 14 0 6 1 0 0 68 0 0 0 0 16 10 4 6 0 20 1 11 1 16 226 2 11 1 1 2 14 21 0 29 2 3 2 16 0
0 7 10 2 4 15 13 3 0 2 0 32 35 29 1 3 16 79 7 0 0 3 3 1 24 20 2 0 1 0 0 0 1 56 190 1 3 15 4 2 0 2 1 0 0 9 0 0 0 0 44 1 6 2 0 4 1 7 7 1 41 83 13 1 24 2 34 45 4 0 92 0 3 0 0 6 2 2 0 0 79 0 0 0 0 9 14 4 1 1 6 0 17 6 14 209 2 6 0 8 5 16 12 0 25 6 5 8 33 0
0 2 4 1 3 8 6 0 0 16 14 33 66 13 0 0 7 92 12 0 0 3 4 2 10 0 0 1 1 1 0 2 0 6 125 5 3 17 9 0 0 1 1 1 1 3 0 2 0 2 27 0 0 0 3 0 0 1 8 0 48 119 15 1 22 0 65 30 16 5 68 0 2 0 4 1 4 7 0 0 45 0 0 0 0 26 13 4 9 0 20 0 21 4 2 234 2 14 0 2 8 33 24 0 11 0 0 4 22 1
0 1 9 2 13 5 12 10 0 10 11 39 61 12 0 1 5 82 7 0 0 5 4 0 7 7 0 0 0 0 0 0 0 19 138 2 3 20 12 0 0 1 0 0 4 1 0 0 4 1 35 0 0 2 8 4 0 3 5 0 49 97 13 1 21 0 34 37 7 10 87 0 3 5 6 1 1 1 0 1 52 0 0 0 0 25 4 7 5 3 14 0 18 3 3 207 1 6 0 2 6 32 20 2 37 5 2 5 26 2
0 7 10 4 6 10 5 0 0 12 18 37 71 22 0 2 10 103 9 0 0 5 6 5 14 2 1 0 1 0 0 0 0 14 143 2 3 20 5 0 0 0 0 0 1 3 0 0 0 0 49 0 1 0 5 1 0 2 3 0 55 94 13 1 20 2 67 43 15 2 67 0 0 1 2 1 10 4 0 1 86 0 0 0 0 25 10 5 4 1 9 0 18 7 1 232 2 13 0 3 3 16 23 1 32 6 6 5 23 1
0 11 7 2 3 8 12 9 0 8 8 44 65 13 0 1 8 89 11 0 1 5 4 3 47 27 0 0 0 0 0 0 0 16 146 7 2 4 2 0 0 0 0 0 1 2 0 0 0 1 41 1 0 1 5 2 1 5 2 0 55 87 12 1 15 0 34 52 14 4 81 0 1 2 32 2 7 1 0 1 72 0 0 0 0 16 3 5 8 0 18 0 27 4 3 214 3 9 0 3 1 10 18 2 24 5 3 3 17 3
0 25 17 3 10 8 3 0 0 12 28 61 104 48 0 1 43 159 7 0 0 4 13 6 4 1 1 0 1 1 0 0 0 4 178 3 6 23 6 1 0 0 0 0 0 2 0 4 0 0 92 0 0 1 2 2 4 6 2 0 85 67 18 1 16 0 65 46 15 35 92 0 2 0 10 4 0 3 5 0 147 0 0 0 0 42 6 3 3 0 24 0 27 3 13 276 1 14 0 4 16 26 13 6 36 7 5 6 51 2
0 24 22 0 16 28 12 1 0 2 1 38 42 29 0 0 25 76 4 0 1 2 1 4 23 7 2 1 3 0 0 0 1 21 203 3 2 8 5 0 0 0 0 0 1 5 0 1 0 0 77 0 2 0 3 0 2 13 5 0 62 66 16 1 30 2 0 34 6 5 120 0 4 0 2 4 0 1 1 0 127 0 0 0 0 9 8 0 0 0 29 0 20 4 11 246 0 4 1 0 9 15 8 0 33 3 5 0 31 1
0 7 12 5 10 8 34 27 0 16 9 27 56 18 1 3 9 82 7 0 0 3 8 0 13 0 6 6 0 0 0 1 2 28 135 3 0 14 6 0 0 0 0 0 7 3 0 0 0 1 43 0 0 0 3 4 0 1 10 0 54 89 14 1 25 0 42 29 9 8 91 0 2 3 0 0 13 0 0 0 80 0 0 0 0 39 1 5 8 0 14 0 20 2 3 209 1 9 0 1 5 21 16 3 15 1 3 5 17 2
0 16 17 0 4 23 10 0 0 15 14 26 57 28 1 3 16 91 6 0 0 4 7 4 36 14 3 0 2 1 0 0 2 14 199 3 0 9 8 0 1 0 1 0 1 0 0 0 0 0 57 0 0 1 2 1 3 3 13 0 60 96 16 1 26 0 0 24 8 20 123 0 4 0 6 15 0 6 0 0 98 0 0 0 0 19 2 4 1 0 26 1 18 5 6 264 1 7 0 3 9 16 8 0 38 6 8 1 35 0
0 17 16 1 4 22 4 0 0 15 10 58 88 31 0 6 21 133 14 0 0 5 7 5 0 0 0 0 4 1 0 0 0 4 147 2 2 24 7 0 0 2 0 0 0 4 0 1 0 0 81 0 0 0 1 1 0 6 2 0 56 63 17 1 18 0 76 39 22 9 96 0 2 0 2 11 0 6 1 0 122 0 0 0 0 15 1 1 0 0 16 0 25 8 15 215 0 3 0 3 16 31 9 5 25 5 1 4 47 0
0 10 17 3 6 27 13 6 0 16 22 42 83 22 0 0 19 107 2 0 0 1 4 0 25 10 6 1 3 0 0 0 1 25 214 5 1 21 4 1 0 0 1 0 0 1 0 2 1 0 62 0 2 2 2 2 3 4 4 0 52 72 16 1 26 0 0 29 10 12 124 0 3 0 4 11 0 2 3 0 103 0 0 0 0 18 1 3 4 0 22 0 29 1 5 259 0 12 0 2 9 20 18 0 34 5 3 1 38 0
0 17 24 3 3 33 12 0 0 5 11 20 42 19 0 2 14 73 9 0 1 5 2 0 24 3 9 0 0 0 0 0 0 27 216 9 0 11 7 0 0 1 0 0 0 4 0 0 1 0 40 0 0 1 6 15 1 11 5 0 54 68 17 1 25 0 47 24 13 15 86 0 0 0 0 25 2 5 0 0 92 0 0 0 0 22 4 1 3 0 34 0 22 1 12 258 0 5 0 0 3 7 17 2 46 5 5 1 25 5
0 4 17 2 5 15 8 0 0 13 7 78 108 18 0 0 9 133 6 0 0 0 4 3 5 3 2 0 0 0 0 0 1 7 113 1 1 13 9 1 0 1 0 0 3 3 0 0 1 0 57 0 0 1 3 1 1 2 2 0 37 82 14 1 29 0 18 28 9 3 68 5 2 1 14 3 9 2 0 0 93 0 0 0 0 12 15 4 5 0 19 0 22 4 4 224 0 11 0 3 6 27 14 0 31 5 2 2 19 2
0 21 25 1 7 20 13 4 0 12 17 4 36 17 0 3 10 65 11 0 0 5 0 0 25 6 9 0 2 0 0 1 0 27 229 1 0 13 3 2 0 0 0 0 1 1 0 0 0 0 43 0 0 1 5 13 0 7 7 0 79 78 17 1 24 0 47 30 7 14 92 0 0 0 2 26 0 6 0 0 99 0 0 0 0 26 3 3 3 2 23 0 27 2 2 248 1 7 0 4 0 7 20 1 35 4 1 4 23 4
0 7 16 3 6 45 2 0 0 2 2 11 16 36 2 1 16 55 0 0 0 0 4 4 1 0 1 0 0 0 0 2 1 9 245 3 2 11 6 1 0 2 0 0 0 9 0 0 6 1 81 0 0 7 5 0 2 5 3 0 44 81 16 1 51 2 2 27 1 1 94 3 0 0 6 5 3 3 0 0 121 0 0 0 0 11 5 1 0 0 22 0 21 5 4 212 0 3 0 11 8 22 2 1 49 12 5 7 31 0
0 7 12 3 3 18 13 1 0 6 17 25 50 43 0 3 30 98 5 0 0 0 26 3 27 0 5 7 5 1 0 11 1 3 187 0 4 21 6 1 0 1 0 0 1 7 0 0 0 0 66 0 1 1 1 3 0 3 18 0 58 84 14 1 26 2 42 34 6 18 78 1 2 0 2 6 10 2 0 1 105 0 0 0 0 5 6 0 5 1 17 0 19 7 2 253 5 13 1 1 6 19 12 0 34 10 3 2 26 1
0 11 19 4 12 27 18 1 0 2 2 27 31 20 0 2 10 61 7 0 0 3 8 0 11 6 3 0 6 2 0 0 1 21 228 4 1 14 11 0 0 0 0 0 0 5 0 0 0 0 49 0 0 3 2 0 0 8 5 1 52 78 15 1 25 2 30 41 9 7 96 3 16 0 0 11 6 4 0 2 98 0 0 0 0 18 9 3 4 0 33 1 23 2 10 252 1 6 0 1 2 17 11 2 45 9 4 4 34 0
0 4 18 8 5 10 4 0 0 55 15 22 94 25 0 5 13 130 11 0 0 3 5 0 4 1 0 2 0 0 0 7 1 10 128 1 3 26 3 0 0 0 1 0 0 4 0 0 0 0 41 0 0 0 4 2 4 4 9 1 57 92 15 1 14 0 89 52 20 16 67 3 2 0 12 7 14 3 1 0 90 0 0 0 0 33 16 2 7 0 18 0 24 6 1 258 0 13 0 3 3 11 28 3 31 3 7 6 38 0
0 17 20 2 10 23 20 10 0 12 18 17 49 32 2 2 19 91 8 0 0 3 7 0 11 1 10 0 1 0 0 0 1 17 204 5 1 19 4 1 0 0 0 0 0 5 0 2 6 1 45 1 1 7 1 1 2 3 2 0 46 93 15 1 24 0 26 35 9 12 94 1 2 4 6 0 6 7 0 0 107 0 0 0 0 28 3 3 4 2 25 0 21 2 2 255 3 5 0 8 5 14 20 4 33 4 9 5 40 1
0 5 19 0 13 27 24 0 0 5 0 23 29 19 2 0 11 56 5 0 1 1 5 3 2 0 0 2 6 3 0 0 1 11 159 4 5 16 8 1 0 3 0 0 3 11 0 0 1 0 60 0 0 3 4 0 1 0 8 1 35 98 13 1 23 2 26 37 5 14 62 5 2 1 2 3 4 3 2 0 97 0 0 0 0 17 8 6 3 0 16 0 21 3 1 191 1 4 0 4 6 25 14 0 40 2 3 2 21 0
0 3 8 4 5 23 15 0 0 33 11 19 66 31 1 0 21 107 5 0 0 0 29 1 17 5 0 2 5 3 0 1 1 6 235 6 1 20 6 1 0 0 1 0 1 4 0 1 0 0 66 1 1 1 8 0 0 1 13 1 45 77 15 1 32 2 29 34 10 4 81 0 3 0 2 10 2 0 0 0 88 0 0 0 0 14 11 2 5 1 11 2 16 2 1 232 7 10 0 0 12 25 16 0 46 11 9 4 30 0
0 5 11 1 6 16 3 1 0 59 17 20 97 27 1 5 14 131 6 0 0 2 10 6 2 1 0 0 0 0 0 0 0 12 126 0 3 15 6 0 1 1 0 1 0 4 0 0 0 1 55 0 0 1 3 2 1 7 5 1 61 101 14 1 19 0 62 47 4 18 86 5 2 0 22 7 10 1 1 0 86 0 0 0 0 19 19 3 1 1 21 0 22 4 2 258 3 13 0 4 12 23 24 2 30 4 5 5 24 1
0 7 14 2 8 15 6 1 0 60 7 22 93 29 0 4 18 132 7 0 2 3 7 0 6 2 0 0 0 0 0 1 0 16 152 1 4 24 7 2 0 1 0 0 3 5 0 0 0 1 57 0 1 0 5 4 1 7 4 0 42 111 14 1 21 2 57 39 10 13 87 1 4 0 20 8 4 2 0 0 89 0 0 0 0 23 8 5 3 1 15 1 34 2 2 240 1 12 0 1 8 21 27 3 31 9 7 5 27 3
0 5 10 3 5 24 2 0 0 0 6 25 36 47 0 2 21 94 7 0 0 2 11 1 16 2 0 12 2 2 0 2 0 27 233 1 6 28 3 1 0 1 0 0 2 11 0 3 2 0 74 1 3 1 10 3 4 4 18 2 56 85 15 1 31 2 16 46 5 0 71 1 7 0 2 12 4 1 5 0 108 0 0 0 0 6 9 4 1 0 11 1 13 6 18 228 6 10 0 1 15 37 8 0 38 7 4 2 34 0
0 8 17 1 15 35 7 2 0 0 0 43 49 36 0 3 18 87 0 0 0 0 8 2 25 2 2 0 3 2 0 4 1 15 210 1 6 14 5 1 0 0 0 0 1 16 0 1 2 0 82 0 0 2 2 3 1 4 6 0 64 83 16 1 44 0 16 27 0 8 94 1 3 0 2 2 12 2 1 0 126 0 0 0 0 9 5 1 3 0 30 1 27 1 1 244 0 6 0 4 11 19 8 0 40 5 4 3 33 1
0 3 17 3 7 20 5 0 0 7 9 37 56 35 2 3 20 99 7 0 0 0 13 0 30 12 5 1 5 1 0 0 0 20 232 2 5 18 6 1 0 0 0 0 1 8 0 1 0 0 73 0 1 1 5 0 1 4 7 1 61 73 16 1 30 6 28 43 4 0 89 2 10 0 0 5 3 3 1 0 106 0 0 0 0 15 6 2 1 0 20 0 14 3 9 232 3 16 0 6 13 22 7 0 45 9 5 7 31 0
0 2 15 2 3 30 7 0 0 1 2 17 22 30 1 3 19 55 2 0 0 0 15 2 1 0 0 1 0 0 0 15 0 13 250 3 5 20 6 0 0 5 0 0 0 14 0 1 2 1 72 2 1 2 2 3 0 1 4 0 40 69 16 1 41 2 8 35 0 3 91 0 1 0 4 8 2 2 1 2 103 0 0 0 0 18 17 0 2 2 11 1 32 2 2 227 2 7 0 4 8 25 4 0 83 13 7 20 56 0
0 4 10 2 3 25 7 0 0 13 7 44 70 29 0 1 14 109 5 0 0 2 11 3 20 1 0 19 0 0 0 6 1 17 191 4 1 19 3 1 0 0 0 0 1 6 0 0 2 0 57 2 1 1 5 0 1 2 6 2 36 75 14 1 19 0 88 55 16 2 92 1 2 0 0 0 7 0 3 0 90 0 0 0 0 16 11 3 8 1 9 0 10 5 20 232 2 8 2 1 9 20 9 6 32 9 5 2 30 3
0 9 12 3 15 21 16 1 0 9 5 33 50 14 0 0 7 76 11 0 0 7 14 1 34 8 10 0 4 0 0 0 1 11 218 6 0 25 6 0 0 0 0 0 1 1 0 0 0 1 72 0 1 4 5 1 2 2 6 1 44 85 15 1 19 0 57 57 12 6 79 1 6 0 16 4 10 1 0 0 112 0 0 0 0 24 6 1 7 1 16 0 22 2 6 211 0 11 1 2 10 23 16 3 31 7 6 4 22 2
0 10 18 0 8 31 7 0 0 13 21 26 65 26 0 0 18 96 3 0 0 1 15 2 23 2 2 5 1 0 0 7 3 7 225 1 2 22 5 2 0 1 1 0 1 13 0 1 0 0 86 0 0 1 8 0 0 0 10 0 62 73 17 1 43 0 18 21 4 11 94 3 2 0 6 8 3 3 1 1 125 0 0 0 0 11 5 5 4 0 18 0 28 3 2 232 4 4 1 3 7 20 13 0 41 10 6 2 33 0
0 9 16 1 10 34 4 0 0 3 0 11 16 22 2 2 11 42 4 0 0 1 14 5 26 8 4 2 8 0 0 0 4 18 276 4 1 6 5 0 0 0 0 0 0 10 0 1 0 0 77 1 0 5 2 0 1 4 7 0 56 64 14 1 27 2 36 47 3 7 93 1 14 0 10 11 9 4 0 0 122 0 0 0 0 19 2 4 3 0 18 0 21 6 2 197 2 5 1 2 12 17 4 2 45 8 5 6 29 3
0 9 19 2 8 43 9 3 0 42 3 23 71 49 1 3 28 126 4 0 0 0 5 2 6 0 1 0 2 0 0 1 0 14 186 11 5 20 7 0 1 1 0 0 0 12 0 0 2 0 69 0 3 3 9 0 4 7 7 1 51 73 17 1 37 0 5 35 3 2 91 1 0 0 8 4 6 3 1 0 116 0 0 0 0 9 5 4 4 0 19 0 22 4 0 237 0 8 0 6 6 19 8 0 48 8 4 2 38 0
0 22 6 0 1 16 11 0 0 27 48 1 80 37 0 0 29 133 16 0 0 0 5 1 42 9 1 1 2 0 0 1 2 17 212 6 0 17 1 0 0 0 0 0 0 3 0 0 0 0 21 0 0 0 1 7 0 0 3 0 45 84 17 1 22 2 6 28 22 8 93 0 0 0 2 32 3 6 0 1 59 0 0 0 0 46 7 3 8 1 15 0 23 6 0 281 0 11 0 1 0 4 28 3 39 6 1 9 20 1
0 18 20 0 15 34 12 2 0 4 2 7 13 14 2 2 7 31 0 0 0 0 2 2 48 16 1 4 7 6 0 13 2 20 274 3 1 15 16 0 0 0 0 0 0 1 0 0 0 0 49 0 0 1 0 3 1 6 7 0 51 59 14 1 36 14 25 35 2 3 119 1 9 0 2 7 5 3 0 1 97 0 0 0 0 5 1 1 0 0 21 1 35 7 2 220 0 1 1 0 5 8 5 1 58 12 8 6 45 2
0 11 18 3 15 16 13 2 0 17 19 37 82 20 0 2 8 116 14 0 2 4 2 0 9 2 4 0 0 0 0 0 1 7 151 1 0 8 7 0 0 0 0 0 1 3 0 0 0 0 35 0 0 0 2 3 0 3 24 0 47 92 16 1 16 2 58 64 8 4 87 0 0 0 4 19 1 2 0 0 70 0 0 0 0 28 4 3 9 2 31 0 22 2 1 258 0 10 1 2 5 16 18 2 42 10 1 4 33 0
0 5 17 2 4 13 17 1 0 46 24 16 88 20 1 2 6 134 20 0 2 7 6 0 11 11 0 0 0 0 0 0 0 9 164 2 3 22 13 2 0 0 0 1 0 4 0 0 0 2 33 0 1 0 0 5 0 0 0 0 34 98 17 1 21 0 62 45 14 4 90 0 0 0 0 27 3 4 0 0 67 0 0 0 0 16 14 2 7 0 20 0 22 4 2 288 0 13 0 2 6 23 21 1 44 15 4 15 26 0
0 14 6 5 9 14 2 0 0 60 28 31 124 21 0 1 14 159 14 0 5 3 4 2 17 0 2 0 2 2 0 0 1 3 120 4 1 17 4 0 0 0 0 1 0 3 0 0 2 0 37 0 0 3 5 0 1 4 9 0 47 105 15 1 20 0 74 42 21 1 89 0 0 15 14 0 6 6 0 0 78 0 0 0 0 27 17 6 10 2 22 0 25 3 1 267 2 10 0 1 6 23 23 4 24 5 5 1 19 0
0 22 15 1 13 17 4 1 0 7 8 21 37 11 0 0 7 52 3 0 1 1 6 6 28 0 1 2 2 0 0 23 1 11 218 3 1 13 13 0 0 0 0 0 1 8 0 0 0 0 63 0 2 1 5 1 1 13 3 0 59 80 14 1 20 6 43 59 3 5 105 5 2 0 4 17 18 3 1 0 127 0 0 0 0 9 4 3 2 0 20 0 28 2 5 232 1 7 0 4 3 12 9 0 51 8 3 3 39 3
0 15 23 0 9 12 5 0 0 22 31 4 61 22 3 0 15 101 16 0 0 5 0 0 61 19 12 2 0 0 0 0 0 28 225 1 4 5 4 1 0 0 0 0 1 4 0 1 0 0 26 0 0 2 5 17 0 1 1 1 72 84 17 1 17 0 6 47 11 17 88 0 0 0 6 27 6 3 0 0 77 0 0 0 0 47 10 4 4 2 18 0 24 4 0 250 0 4 0 4 2 6 19 2 34 9 5 9 32 6
0 10 12 2 10 20 4 1 0 32 12 43 89 31 1 1 9 135 13 0 0 7 1 3 8 0 0 8 6 6 0 0 0 19 168 5 2 26 12 0 0 1 0 0 3 6 0 0 2 0 33 0 0 1 5 3 1 3 4 0 49 126 16 1 18 4 37 52 20 1 92 0 1 0 4 15 6 5 0 0 69 0 0 0 0 12 5 1 3 0 15 0 28 0 4 251 3 6 1 2 4 20 29 3 27 9 7 0 24 1
0 19 6 4 5 18 2 0 0 26 29 6 64 35 0 1 27 137 30 0 0 12 2 2 58 13 13 1 0 0 0 0 0 31 214 2 0 8 3 0 0 0 0 0 0 1 0 0 0 3 15 0 0 0 1 9 0 0 1 1 39 99 17 1 18 0 4 35 16 17 94 0 1 0 6 35 3 4 0 0 51 0 0 0 0 55 10 10 6 0 23 0 28 6 1 274 2 13 0 0 2 4 33 0 26 5 3 4 19 2
0 12 7 2 10 21 8 1 0 51 8 25 87 27 1 1 14 128 13 0 2 4 6 2 5 2 0 0 0 0 0 0 0 29 172 3 5 15 5 0 0 3 0 0 2 4 0 0 1 0 30 0 2 1 8 1 0 4 5 1 66 111 17 1 30 0 28 37 10 0 93 0 0 14 2 0 5 5 0 0 64 0 0 0 0 17 18 7 5 1 17 1 31 4 14 310 2 11 1 7 6 24 17 0 37 9 6 7 26 2
0 2 12 1 7 26 7 0 0 7 7 14 33 20 0 0 12 58 5 0 0 4 3 2 10 2 2 0 0 0 0 1 0 32 189 3 1 17 0 1 0 0 0 0 0 5 0 0 1 0 44 0 0 1 2 3 1 6 12 1 65 106 16 1 19 4 0 66 2 2 120 0 1 4 4 4 6 6 0 1 75 0 0 0 0 14 7 4 2 2 14 0 24 8 2 245 1 9 1 7 5 26 23 0 64 6 7 9 42 0
0 6 3 2 5 17 8 0 0 38 29 21 88 15 0 3 10 121 15 0 0 2 5 1 15 1 9 0 1 0 0 0 0 9 182 15 0 9 8 0 0 0 0 0 0 3 0 0 0 0 47 1 1 0 8 2 0 1 7 0 52 99 17 1 14 6 59 52 19 17 77 0 0 0 0 3 2 4 0 0 66 0 0 0 0 30 10 3 16 0 20 0 23 3 0 238 1 9 1 1 2 6 21 0 41 1 2 5 23 0
0 9 15 4 8 15 8 2 0 14 15 55 90 21 0 1 16 120 5 0 0 1 4 1 44 13 21 0 0 0 0 0 1 16 192 9 0 13 2 1 0 1 0 0 0 5 0 0 2 0 32 0 0 3 8 2 0 6 1 0 48 91 15 1 17 4 58 48 6 19 58 0 0 0 28 14 9 3 0 0 76 0 0 0 0 29 2 1 2 0 28 0 19 1 1 252 0 7 0 0 5 11 12 3 30 3 5 5 26 2
0 6 7 5 8 8 3 0 0 6 7 53 69 20 0 0 12 95 6 0 0 1 3 4 10 4 2 0 1 1 0 3 1 47 222 8 5 19 1 2 0 0 0 1 0 3 0 0 0 0 35 0 0 1 2 2 2 2 4 0 59 79 14 1 10 0 58 84 6 32 101 0 0 17 0 0 3 5 0 0 64 0 0 0 0 13 5 4 12 1 13 0 21 13 5 225 1 4 0 6 3 9 9 2 33 2 2 1 28 2
0 4 6 0 8 13 7 0 0 37 41 10 89 17 1 5 8 126 14 0 0 6 7 1 12 0 5 1 1 1 0 1 0 11 160 7 2 15 5 1 0 0 0 0 0 5 0 0 1 0 39 1 0 0 6 3 2 1 10 0 72 105 15 1 13 6 55 41 20 37 71 0 0 0 2 4 12 1 0 0 64 0 0 0 0 40 4 4 15 1 31 0 16 5 3 256 0 5 1 2 2 10 24 2 26 2 1 4 15 0
0 10 21 3 9 30 2 1 0 16 9 5 31 12 0 1 8 54 9 0 1 3 3 0 51 13 22 0 4 0 0 0 1 47 267 4 0 9 8 0 0 0 0 0 1 1 0 1 0 0 28 0 0 0 3 5 2 1 3 0 43 63 14 1 15 0 84 47 12 21 64 0 3 0 10 34 3 1 1 1 68 0 0 0 0 20 5 6 6 2 22 0 29 1 13 250 0 2 0 0 5 12 16 1 41 4 8 2 35 0
0 15 12 1 10 25 11 1 0 11 10 12 34 17 3 2 8 57 6 0 2 1 2 2 23 2 0 3 8 0 0 13 0 25 262 3 1 14 1 0 0 0 0 0 0 4 0 0 0 0 46 0 3 3 1 4 1 11 11 1 37 50 13 1 19 8 59 54 9 6 97 0 11 0 10 20 7 2 0 0 89 0 0 0 0 9 3 3 1 1 23 0 24 5 4 221 0 1 0 4 3 8 8 3 39 8 5 2 31 3
0 19 16 3 11 31 5 1 0 6 9 32 50 29 0 3 12 83 4 0 1 0 4 1 4 0 4 0 3 1 0 0 1 8 183 5 0 13 4 0 0 0 0 0 0 3 0 0 2 0 51 0 0 4 2 0 2 6 7 0 53 91 17 1 18 0 34 47 6 20 85 1 1 0 0 7 1 1 0 0 97 0 0 0 0 30 1 1 1 0 50 0 30 0 3 268 0 7 0 6 3 10 12 2 40 12 2 0 25 6
0 4 4 2 5 21 10 0 0 34 31 19 84 19 0 3 15 129 21 0 0 1 7 0 17 2 10 0 2 0 0 0 0 2 183 16 0 11 9 0 0 0 0 0 0 4 0 0 0 0 49 1 0 0 9 2 0 0 5 0 47 92 18 1 13 12 63 56 28 15 72 0 0 0 0 4 2 5 0 0 67 0 0 0 0 32 9 3 15 0 19 0 18 2 0 236 0 13 2 2 2 5 19 0 42 1 4 5 33 0
0 8 20 3 11 40 8 0 0 0 0 26 29 36 2 5 20 67 1 0 0 0 4 0 13 5 1 0 10 1 0 0 1 12 250 5 2 7 3 0 0 2 0 0 0 11 0 0 2 0 51 1 0 4 2 0 1 2 8 0 54 79 17 1 27 0 10 51 0 3 81 2 1 0 8 3 6 3 0 0 98 0 0 0 0 11 9 2 3 0 24 0 19 2 3 200 2 0 0 0 9 22 6 0 69 15 7 7 61 0
0 15 11 2 6 15 10 0 0 55 20 28 105 23 1 0 13 148 17 0 2 9 1 1 23 9 2 1 1 0 0 0 0 18 153 2 4 18 4 1 0 0 0 0 2 2 0 0 0 0 25 0 1 0 1 2 0 6 3 0 41 119 16 1 40 0 48 21 11 2 87 0 0 23 10 4 9 3 0 0 68 0 0 0 0 15 16 7 5 0 30 0 34 7 4 307 3 15 0 2 4 16 18 0 28 4 7 3 24 0
0 11 13 2 7 25 7 4 0 11 12 6 33 15 1 0 12 54 6 0 0 2 1 1 56 15 21 0 9 0 0 7 0 44 281 3 0 8 2 0 0 0 0 0 0 3 0 0 0 0 15 0 0 0 3 1 1 0 1 0 47 63 16 1 17 0 79 58 9 4 76 0 0 0 6 37 6 0 0 0 47 0 0 0 0 24 2 0 0 0 37 0 33 2 5 234 0 2 0 0 1 5 19 2 51 3 6 2 25 0
0 16 15 3 1 27 5 0 0 12 11 51 77 27 2 2 16 112 6 0 1 2 0 0 32 11 18 0 0 0 0 0 0 20 217 9 0 11 5 1 0 0 0 0 0 7 0 0 2 1 40 0 0 0 5 2 1 4 5 1 50 78 16 1 21 0 26 50 6 5 66 2 3 0 12 13 16 2 0 0 93 0 0 0 0 20 4 1 2 0 35 0 24 1 1 243 1 10 0 0 7 13 13 1 48 15 8 0 42 1
0 16 19 1 14 13 2 0 0 7 14 3 27 21 1 3 13 54 5 0 0 0 1 1 73 27 31 1 2 0 0 4 1 36 255 1 0 18 1 0 0 0 0 0 0 4 0 0 0 0 14 0 1 0 3 4 2 1 0 0 55 67 15 1 16 0 89 47 13 11 76 0 1 0 20 36 11 1 0 0 63 0 0 0 0 18 3 2 6 0 35 0 23 5 6 261 0 2 0 0 2 6 17 5 36 1 6 2 27 0
0 6 6 5 4 16 8 1 0 2 4 25 39 11 0 0 7 57 7 0 0 2 1 2 8 4 1 0 0 0 0 1 0 27 209 5 0 9 6 0 0 1 0 0 0 4 0 0 0 0 33 0 1 0 0 9 1 1 11 0 111 73 14 1 13 0 70 68 13 16 85 1 9 13 8 8 2 3 0 1 57 0 0 0 0 26 2 0 3 5 18 0 19 7 9 229 2 4 1 3 3 9 15 3 37 6 5 4 21 2
0 8 14 0 5 20 10 0 0 19 14 23 67 22 3 2 11 98 9 0 1 4 5 1 10 10 0 0 0 0 0 0 1 10 204 3 3 13 11 4 0 0 0 0 0 4 0 0 0 1 25 0 0 0 4 3 0 1 0 0 35 128 18 1 20 0 27 53 12 0 101 0 0 0 0 14 3 2 0 0 56 0 0 0 0 20 8 5 7 0 30 0 23 3 5 294 1 14 1 3 4 12 25 1 33 3 12 4 34 0
0 5 7 0 9 23 13 4 0 3 3 10 16 12 1 3 6 33 5 0 0 4 5 2 23 10 2 3 3 0 0 1 1 37 207 3 1 16 7 4 0 1 0 1 2 3 0 0 0 0 35 1 6 2 6 7 0 8 10 0 49 98 13 1 39 0 18 28 2 0 102 4 2 1 0 0 0 4 0 0 64 0 0 0 0 13 8 1 0 2 20 0 21 8 10 193 0 4 0 1 10 30 18 0 40 3 0 8 27 3
0 6 19 2 11 33 13 0 0 34 0 15 55 31 0 2 16 97 5 1 0 3 15 9 9 3 4 0 4 1 0 1 0 24 181 2 2 19 6 0 0 0 1 0 0 10 0 1 0 0 66 1 4 2 1 3 1 5 9 2 76 115 16 1 37 0 16 40 1 0 111 1 4 0 0 1 3 3 1 1 108 0 0 0 0 4 24 7 2 1 19 0 23 9 0 271 0 18 0 4 9 21 14 0 40 7 6 6 29 0
0 10 13 6 14 40 6 0 0 4 0 3 13 21 0 4 6 46 11 0 1 1 3 4 29 8 1 1 0 0 0 1 0 13 243 1 7 14 16 0 0 1 0 0 0 4 0 1 0 0 76 0 4 0 6 1 3 9 4 0 75 100 18 1 57 0 16 14 3 10 128 0 3 0 6 4 0 0 0 0 109 0 0 0 0 9 8 0 1 2 30 0 30 4 4 288 2 7 1 1 4 9 13 0 60 8 5 3 44 3
0 5 6 4 4 15 8 1 0 17 11 16 46 31 1 8 16 86 9 0 0 4 4 0 35 3 5 9 13 0 0 0 2 13 218 0 2 20 11 2 1 0 1 0 4 1 0 0 0 0 52 0 0 0 6 7 0 1 29 0 55 88 17 1 24 0 57 41 13 8 87 0 1 0 4 24 0 0 0 0 71 0 0 0 0 17 15 3 6 1 14 0 24 1 8 236 2 10 0 2 8 20 14 1 58 3 2 3 44 0
0 9 21 2 11 41 16 4 0 3 1 1 8 14 0 1 5 37 9 0 0 0 5 2 23 1 2 0 0 0 0 0 0 24 245 5 2 26 8 1 0 0 0 0 1 8 0 0 2 0 83 0 1 4 3 3 2 9 1 0 68 108 17 1 65 0 2 13 3 8 144 1 4 0 3 4 1 0 0 0 123 0 0 0 0 14 3 0 6 1 34 0 28 7 2 296 1 11 1 1 3 12 18 2 44 13 3 3 24 6
0 3 11 2 7 25 5 0 0 4 4 16 25 13 0 2 8 47 7 0 0 2 5 2 7 0 0 0 2 0 0 1 1 36 185 3 2 10 5 1 1 0 0 1 0 1 0 0 0 0 44 0 2 4 1 3 1 2 11 0 44 79 12 1 23 0 38 33 5 9 67 1 5 7 0 0 2 3 1 1 75 0 0 0 0 17 1 6 3 1 11 0 20 0 18 207 0 8 0 3 4 15 24 1 50 9 2 3 21 12
0 7 16 2 5 28 9 0 0 12 5 13 35 24 0 2 10 70 8 0 1 1 4 4 49 2 3 23 16 3 0 0 0 7 237 0 6 17 5 0 0 0 0 0 0 12 0 1 4 1 50 1 0 3 3 2 1 5 39 0 52 88 16 1 33 0 39 39 4 2 111 0 0 0 0 15 3 5 0 3 91 0 0 0 0 11 5 3 5 0 14 1 20 2 18 250 3 20 0 4 12 27 15 2 28 10 4 0 17 2
0 16 40 2 10 22 3 0 0 15 2 16 36 29 2 0 23 74 8 0 0 2 3 2 14 4 0 0 1 0 0 0 0 13 220 6 5 6 6 0 0 0 0 0 3 4 0 4 4 2 54 0 0 5 4 0 1 10 2 0 62 114 17 1 33 2 20 33 5 5 73 0 1 0 4 8 19 7 0 0 143 0 0 0 0 10 4 1 3 2 26 0 17 3 4 229 3 9 0 4 4 20 13 0 53 6 6 4 50 2
0 8 19 3 10 13 3 0 0 15 2 10 28 41 1 6 16 80 9 0 0 5 6 1 43 4 0 25 6 0 0 1 0 18 204 0 1 23 10 0 0 1 0 0 5 5 0 0 2 0 39 0 0 3 5 3 3 2 15 0 53 100 15 1 28 2 53 33 13 7 104 1 5 0 12 20 7 3 3 4 89 0 0 0 0 13 11 1 1 2 8 0 19 5 8 246 2 12 1 5 7 22 20 0 52 8 5 2 33 0
0 10 10 2 8 22 15 3 0 3 2 15 22 22 0 2 7 50 3 0 0 2 10 1 37 24 0 1 10 7 0 0 1 14 282 2 5 17 4 0 0 1 0 0 0 4 0 2 0 0 70 1 0 2 6 2 3 13 2 0 64 101 15 1 48 0 19 29 1 2 115 2 4 0 5 12 3 3 1 0 103 0 0 0 0 6 7 3 4 1 27 1 27 5 0 228 1 2 1 3 7 15 14 0 55 12 6 3 40 5
0 9 27 2 10 32 16 1 0 11 8 19 40 14 1 1 6 67 11 0 0 6 9 1 25 9 0 0 6 1 0 2 1 3 224 1 1 16 10 0 0 0 0 0 0 3 0 1 2 1 63 0 0 2 7 2 0 6 4 0 54 77 15 1 28 4 32 35 14 4 97 0 4 0 2 12 6 0 0 1 110 0 0 0 0 22 10 0 1 2 15 0 24 4 1 234 0 8 0 2 7 17 11 0 64 19 5 6 38 0
0 13 21 5 10 27 12 0 0 1 1 26 32 28 0 3 11 77 14 0 0 5 8 3 17 5 2 2 2 0 0 0 1 12 203 0 5 16 8 0 1 0 0 0 1 7 0 0 2 0 78 0 1 4 8 5 0 11 10 0 71 104 17 1 32 0 25 33 10 3 90 0 2 0 4 9 8 1 1 0 133 0 0 0 0 13 8 3 1 0 16 0 18 1 3 229 1 17 0 8 3 22 13 0 40 11 6 2 34 0
0 7 24 4 11 25 17 2 0 21 0 5 29 42 0 3 15 78 3 0 0 0 6 1 17 3 0 0 0 0 0 0 0 17 205 4 2 20 11 0 0 2 0 0 0 9 0 3 6 0 57 0 0 6 10 1 3 7 6 0 73 107 17 1 43 2 24 31 3 1 83 0 2 0 2 3 12 5 1 1 117 0 0 0 0 15 5 1 4 0 27 0 24 6 2 251 1 7 0 4 9 28 16 0 47 8 7 8 27 1
0 1 9 4 6 28 5 3 0 0 1 7 8 32 0 2 15 48 7 0 0 4 4 1 15 2 3 5 3 0 0 0 1 46 239 0 1 17 7 0 0 0 1 0 1 3 0 2 4 2 45 0 1 6 3 4 0 5 14 0 41 104 17 1 44 0 19 28 2 3 123 0 0 0 0 7 5 4 3 1 80 0 0 0 0 13 20 4 3 2 19 0 28 2 4 273 0 10 1 7 18 30 19 0 55 3 7 0 47 1
0 11 15 1 10 33 28 7 0 18 0 23 43 17 0 1 12 64 0 0 0 0 4 3 5 0 1 0 4 2 0 1 3 16 198 2 2 10 8 0 0 0 0 0 1 7 0 1 0 1 65 0 5 0 4 0 1 4 2 0 44 68 15 1 30 2 0 41 1 0 81 0 0 1 0 4 5 2 2 0 106 0 0 0 0 6 7 0 0 0 9 0 26 2 2 190 0 5 2 1 8 15 2 0 38 7 5 6 32 0
0 6 18 3 5 27 9 2 0 40 6 25 74 18 0 3 11 97 3 0 0 0 2 2 1 1 0 0 0 0 0 0 3 6 169 0 0 24 7 1 0 0 0 0 1 10 0 1 0 1 53 0 0 1 4 3 1 1 4 0 45 92 15 1 30 0 20 37 3 1 67 0 0 4 4 0 6 3 0 0 92 0 0 0 0 11 3 6 1 1 15 0 17 5 5 195 1 14 0 2 4 19 9 1 38 7 2 7 31 1
0 5 9 3 4 44 4 0 0 13 5 7 29 33 2 3 12 70 8 0 1 7 5 5 35 2 1 16 3 0 0 0 0 29 196 1 0 19 6 0 0 0 1 0 3 3 0 0 10 0 41 0 0 5 2 9 0 4 24 0 69 121 17 1 31 0 35 31 9 5 99 0 2 0 8 18 4 1 0 2 70 0 0 0 0 23 9 2 2 2 25 0 25 1 3 244 0 5 1 5 10 25 17 1 42 7 0 1 24 0
0 6 10 9 6 55 2 0 0 6 3 6 21 29 0 2 17 62 10 1 1 6 6 3 19 2 1 6 1 0 0 0 1 29 209 2 1 22 11 0 0 0 1 0 3 1 0 0 0 0 48 0 0 0 6 1 0 5 22 1 40 105 16 1 32 2 38 33 10 2 104 0 0 0 2 17 0 2 2 0 77 0 0 0 0 16 7 6 2 0 27 1 38 2 1 269 1 2 0 3 9 24 14 0 45 2 11 2 37 1
0 5 20 0 3 31 1 0 0 2 4 9 19 23 3 3 12 53 10 0 0 1 8 7 38 1 1 14 5 0 0 0 0 27 228 1 1 15 13 0 0 0 0 0 0 1 0 0 0 1 47 0 0 1 4 7 0 4 25 0 55 114 17 1 33 0 23 27 8 8 115 0 3 0 2 9 7 1 0 2 83 0 0 0 0 21 6 2 2 1 25 0 26 1 6 240 1 5 1 6 17 34 15 1 45 0 5 0 31 8
0 3 7 5 5 23 11 1 0 16 12 12 40 28 0 1 14 83 15 0 1 4 18 0 43 0 5 23 14 1 0 0 0 18 248 0 5 20 13 1 0 1 0 0 0 2 0 0 0 0 58 0 3 0 5 3 0 0 34 0 33 58 17 1 31 2 58 32 16 1 99 0 0 0 4 27 3 1 0 1 82 0 0 0 0 16 11 0 9 0 11 2 11 2 12 253 2 12 0 3 12 25 13 0 33 11 5 4 20 0
0 6 14 1 10 44 14 4 0 6 0 13 20 14 0 3 7 43 3 0 2 0 12 0 23 11 1 0 7 0 0 1 1 59 259 2 0 17 4 0 0 0 0 0 0 10 0 0 0 0 64 0 2 2 1 4 0 4 6 0 41 81 17 1 24 0 40 46 5 6 90 0 0 2 6 0 4 2 1 0 96 0 0 0 0 1 10 1 3 1 12 0 25 4 31 264 0 7 1 5 11 23 9 0 39 2 0 4 28 0
0 12 25 6 11 32 2 0 0 3 5 28 40 24 1 3 17 75 11 0 0 3 3 1 23 10 0 9 1 0 0 0 0 23 201 1 0 18 8 1 0 0 1 0 0 5 0 0 0 0 68 0 1 3 6 5 0 7 5 0 66 85 16 1 26 0 24 42 6 4 86 0 0 4 15 1 1 5 1 1 124 0 0 0 0 25 9 1 2 1 32 0 38 0 3 253 0 3 0 1 3 13 10 0 41 13 7 2 24 0
0 3 19 5 8 15 6 1 0 8 4 7 24 27 0 1 11 69 12 0 0 0 27 3 14 11 0 0 1 0 0 0 0 23 270 2 1 21 8 0 0 1 0 0 1 1 0 0 2 1 60 0 0 2 1 8 1 1 7 0 50 90 18 1 39 0 0 29 8 3 122 0 4 0 4 18 0 0 0 0 89 0 0 0 0 13 12 4 9 4 12 0 22 10 1 286 3 8 1 2 8 23 15 0 35 11 4 6 29 0
0 3 16 4 9 17 0 0 0 6 3 8 29 24 0 2 8 62 4 0 0 2 16 4 16 10 0 0 9 6 0 0 3 34 339 1 0 18 12 0 0 0 0 0 0 2 0 0 0 0 60 0 1 0 4 8 4 2 8 0 52 89 17 1 37 0 4 38 4 1 119 0 1 0 6 15 1 1 0 0 86 0 0 0 0 14 12 1 6 2 21 3 17 2 2 279 3 6 2 1 8 15 16 1 34 11 6 4 26 1
0 2 10 8 13 30 20 0 0 8 5 9 24 26 0 1 12 60 7 0 0 3 17 3 20 8 0 0 0 0 0 2 2 18 280 2 2 12 13 0 1 0 2 0 0 0 0 1 2 0 57 0 0 1 3 2 2 3 19 0 41 67 17 1 44 0 4 31 3 1 125 2 0 0 2 13 0 0 0 0 79 0 0 0 0 11 6 8 1 1 15 2 31 4 0 269 8 9 1 1 12 19 11 0 38 12 3 6 40 0
0 7 8 4 8 30 5 0 0 8 0 5 16 21 0 0 11 40 3 0 1 1 15 1 17 2 0 2 2 1 0 1 0 23 264 1 7 19 14 0 1 1 0 1 2 3 0 3 0 0 57 0 2 0 2 13 3 5 23 1 58 54 16 1 38 0 12 37 2 1 111 1 14 0 10 7 1 1 0 0 81 0 0 0 0 4 7 2 1 2 15 0 21 4 0 267 3 12 1 1 19 30 4 0 53 11 2 1 31 0
0 14 31 0 6 37 10 2 0 8 10 58 77 34 0 0 18 125 13 0 0 5 0 1 27 12 1 0 0 0 0 0 0 18 175 5 1 13 2 0 0 2 0 0 0 4 0 0 2 0 49 0 0 0 2 0 4 7 0 0 41 84 18 1 16 0 40 69 11 2 80 0 0 0 19 5 16 3 0 0 114 0 0 0 0 27 3 4 0 1 21 0 26 2 1 225 1 7 0 7 6 17 16 0 44 14 5 4 42 3
0 8 11 4 4 12 8 0 0 3 2 44 51 23 0 1 20 82 6 0 0 0 8 2 45 28 0 4 3 0 0 0 1 3 257 3 2 24 7 0 0 4 0 0 2 4 0 0 6 0 51 0 0 3 2 1 1 5 4 0 52 117 16 1 16 2 17 81 2 1 98 1 3 0 2 6 4 1 0 0 82 0 0 0 0 12 7 1 1 2 8 0 28 5 2 211 1 4 0 7 5 14 20 0 47 4 2 11 51 0
0 6 7 5 3 14 3 1 0 10 19 52 84 36 1 0 26 130 9 0 1 2 1 1 43 27 0 0 1 1 0 3 1 7 194 8 1 22 9 0 0 1 0 0 1 4 0 0 6 0 52 2 0 2 5 0 0 3 1 0 45 113 16 1 16 0 61 60 16 3 81 0 0 0 9 9 9 0 0 0 83 0 0 0 0 27 14 3 3 0 22 0 20 4 1 224 0 16 0 6 7 18 29 0 36 9 3 3 35 2
0 5 9 0 5 23 22 0 0 47 13 22 83 36 0 1 23 128 5 0 0 1 17 1 40 7 2 31 2 1 0 0 0 22 214 5 0 22 7 0 0 1 0 0 1 4 0 1 2 0 64 0 1 1 9 1 0 1 6 0 41 84 17 1 27 0 30 50 6 1 91 0 2 0 0 2 1 3 2 0 86 0 0 0 0 6 10 4 3 2 22 0 22 4 1 249 3 20 1 0 14 36 14 0 41 7 2 3 41 0
0 7 12 2 3 15 18 3 0 65 1 24 91 20 0 2 7 121 10 1 1 1 4 1 49 0 9 4 4 0 0 0 1 18 204 5 5 12 5 0 0 0 0 0 0 5 0 0 0 0 31 0 0 1 4 4 0 2 4 0 45 86 15 1 26 2 25 46 8 2 120 0 0 0 4 6 4 3 0 0 61 0 0 0 0 9 10 3 6 1 18 0 33 14 4 278 1 13 1 4 5 15 15 2 37 6 6 6 28 0
0 8 5 2 7 24 14 0 0 12 15 30 58 39 1 2 22 103 4 0 0 1 5 2 38 4 1 33 1 0 0 1 0 16 226 11 0 15 9 1 0 2 0 0 1 11 0 0 0 0 36 0 0 1 1 1 1 0 5 0 44 62 17 1 27 0 21 42 9 4 100 25 0 0 0 2 1 2 0 3 59 0 0 0 0 15 11 0 5 0 26 0 15 0 3 240 1 13 0 0 1 16 10 0 71 8 5 5 44 2
0 2 9 2 7 12 6 1 0 48 5 24 79 25 0 1 16 112 5 0 0 3 13 0 28 2 2 4 2 0 0 2 2 6 179 6 2 28 7 0 0 1 0 0 2 5 0 4 2 0 52 0 1 1 5 8 1 0 12 1 52 91 14 1 26 2 31 42 9 3 104 1 2 0 2 10 2 3 0 1 73 0 0 0 0 21 17 2 12 2 18 1 24 2 6 293 6 13 1 2 5 27 19 1 31 6 5 6 29 0
0 10 28 2 9 41 11 2 0 1 0 11 15 29 0 2 16 50 4 0 0 3 9 3 17 4 10 2 1 0 0 0 2 41 250 0 1 13 10 0 0 0 0 0 1 4 0 0 2 0 58 1 2 1 8 11 0 12 3 0 70 86 17 1 41 0 10 30 4 1 118 0 0 0 6 0 1 2 0 0 105 0 0 0 0 10 3 3 0 0 26 0 26 4 10 278 0 7 0 4 6 19 10 0 32 2 5 4 30 7
0 10 31 3 7 49 7 2 0 2 0 14 17 14 0 4 6 40 7 0 0 2 2 2 15 0 10 3 0 0 0 0 0 28 238 3 2 9 11 1 0 1 1 0 0 7 0 0 0 0 60 0 4 1 3 14 0 11 11 0 63 89 17 1 36 0 4 33 4 3 125 0 0 0 12 0 1 4 0 0 115 0 0 0 0 19 3 1 3 0 30 0 19 4 6 256 0 8 0 1 1 10 11 2 41 5 3 1 24 3
0 13 31 5 10 34 7 0 0 4 6 6 19 12 1 1 9 42 6 0 0 4 5 2 20 1 19 0 1 0 0 1 0 37 250 3 0 12 12 0 0 0 0 0 0 4 0 0 2 1 45 0 1 1 7 16 0 2 5 0 56 91 16 1 19 0 49 62 10 1 121 0 0 0 0 1 1 4 0 2 103 0 0 0 0 18 5 1 0 2 36 0 27 4 10 285 1 6 1 1 1 10 13 1 33 2 8 4 36 2
0 17 28 2 3 33 18 7 0 11 10 30 52 25 0 3 11 96 18 0 1 3 1 2 19 0 0 0 1 0 0 0 0 11 175 3 0 15 7 0 0 0 0 0 0 4 0 0 0 1 38 0 0 0 1 0 0 10 3 0 38 81 16 1 19 0 53 59 6 3 89 0 0 0 40 14 10 1 0 1 97 0 0 0 0 16 1 2 2 2 26 0 31 2 7 249 0 12 0 6 1 9 14 1 41 13 4 1 37 13
0 10 34 7 6 17 16 2 0 15 22 19 58 8 0 0 6 82 16 0 0 10 0 0 37 0 0 0 0 0 0 0 0 11 146 10 0 5 4 2 2 2 0 0 0 0 0 0 0 0 23 0 0 0 5 0 0 3 2 0 35 84 17 1 15 0 117 52 19 7 88 0 0 0 30 24 10 1 0 0 89 0 0 0 0 38 5 2 3 5 19 0 25 0 4 248 0 14 0 2 2 10 14 0 36 16 6 4 35 5
0 13 35 4 3 33 15 5 0 9 13 37 62 35 0 2 15 108 11 0 0 5 3 0 16 0 0 0 0 0 0 0 0 42 198 2 0 13 6 0 0 0 0 0 0 1 0 0 2 0 42 0 0 1 5 1 0 8 2 0 39 80 18 1 20 0 51 49 12 5 88 0 0 0 10 19 9 0 0 0 104 0 0 0 0 26 2 1 2 1 26 0 19 1 5 265 1 14 0 6 1 7 16 0 37 6 2 1 41 4
0 17 39 3 4 35 10 4 0 1 3 51 56 28 1 1 11 89 5 0 0 3 2 0 20 2 0 0 1 0 0 1 1 8 196 11 0 13 3 0 0 0 0 1 0 3 0 0 6 0 42 0 0 2 4 4 1 10 3 0 39 84 16 1 21 2 17 59 4 2 111 0 0 0 6 10 13 2 0 0 119 0 0 0 0 20 3 4 2 1 24 0 27 2 2 239 1 9 0 2 3 10 17 0 49 11 2 2 50 2
0 12 30 3 2 18 8 1 0 43 5 22 72 22 0 1 9 103 7 0 1 5 5 5 22 1 2 0 0 0 0 0 1 13 154 4 5 24 7 0 0 0 0 0 3 8 0 0 2 0 39 0 1 1 12 2 1 4 3 0 60 114 16 1 29 2 22 34 5 10 111 0 0 1 6 2 0 5 0 0 92 0 0 0 0 28 9 9 2 0 25 0 31 2 9 292 3 14 1 2 11 33 32 3 29 1 4 2 22 2
0 25 36 7 14 29 8 0 0 4 9 17 43 21 0 2 11 72 6 0 0 4 9 4 61 3 1 0 1 0 0 0 0 7 209 1 4 19 2 0 0 1 1 0 2 9 0 0 0 0 68 0 0 1 6 5 1 2 4 1 43 104 18 1 31 0 16 35 9 4 96 0 0 2 0 0 0 1 0 0 138 0 0 0 0 15 11 2 7 0 32 1 37 2 2 287 0 11 0 4 4 31 23 0 39 12 5 0 21 0
0 24 22 4 17 20 13 4 0 8 13 5 29 9 0 0 2 46 6 1 1 2 0 1 59 31 7 2 3 0 0 0 1 21 257 4 3 26 5 1 0 1 0 0 2 3 0 0 0 0 57 1 1 1 0 6 0 5 1 0 52 103 16 1 38 0 26 31 3 2 83 1 0 12 18 0 0 1 0 0 112 0 0 0 0 17 8 5 8 1 19 0 24 6 6 259 0 10 1 6 4 18 22 1 25 2 8 1 25 3
0 3 22 4 3 21 10 0 0 16 15 10 49 23 0 0 17 84 11 0 1 5 13 2 36 7 0 1 1 1 0 1 1 5 226 2 1 16 1 2 0 0 0 0 0 3 0 1 1 1 45 0 2 1 6 6 2 3 16 1 52 75 14 1 29 2 34 40 10 2 105 0 9 11 2 0 2 4 0 1 86 0 0 0 0 14 4 8 3 1 15 2 22 6 16 274 3 11 1 3 5 9 11 2 48 2 5 2 37 0
0 17 22 2 8 7 8 0 0 9 6 14 33 29 1 1 17 72 8 0 0 5 4 0 92 5 2 16 2 0 0 0 0 8 244 1 6 16 2 1 0 1 1 0 4 11 0 0 2 0 70 0 1 1 2 5 0 3 14 0 44 104 16 1 38 0 20 23 11 6 102 0 1 11 2 0 0 2 1 1 118 0 0 0 0 19 6 1 5 0 20 0 21 6 4 244 2 17 0 2 13 39 22 0 31 6 1 3 26 3
0 11 9 0 4 21 15 2 0 3 8 23 45 20 0 0 15 89 22 0 0 3 4 3 35 2 0 2 0 0 0 0 1 5 197 2 1 27 3 0 0 0 0 0 0 8 0 0 0 0 43 0 1 0 1 0 1 5 9 0 49 96 17 1 25 0 46 38 15 5 92 1 0 16 10 0 0 7 5 0 76 0 0 0 0 21 6 3 5 0 21 0 23 10 0 254 3 10 1 1 13 27 19 2 46 5 3 1 36 2
0 13 17 2 6 17 10 0 0 58 3 23 86 30 1 0 15 124 5 0 0 2 6 5 16 0 0 0 0 0 0 2 0 3 192 2 3 17 5 0 0 3 0 0 0 8 0 1 0 0 60 0 0 0 5 0 1 3 7 1 56 97 18 1 31 0 14 47 1 0 117 0 0 0 2 1 0 3 0 0 96 0 0 0 0 9 11 5 6 3 17 2 33 9 4 265 1 16 0 1 16 39 20 0 34 1 1 4 30 0
0 10 22 2 5 20 13 0 0 9 12 22 50 18 0 1 14 80 12 0 0 5 6 1 29 4 1 8 0 0 0 0 0 6 186 3 3 17 8 1 0 1 0 0 1 1 0 0 0 0 47 0 0 1 4 2 2 5 11 0 62 113 15 1 30 0 70 34 10 2 93 0 7 14 30 0 9 2 1 1 96 0 0 0 0 26 2 2 1 0 20 0 24 2 5 223 0 5 0 3 4 18 13 1 39 7 3 4 36 0
0 3 18 3 0 24 11 0 0 8 4 16 32 23 0 3 11 66 10 0 0 4 29 1 4 1 0 0 0 0 0 1 0 13 156 2 1 25 10 0 0 2 0 0 3 5 0 0 2 2 53 1 2 1 5 1 1 3 9 0 44 137 16 1 36 0 32 33 6 1 92 0 2 15 18 0 3 0 0 1 85 0 0 0 0 24 8 4 4 2 16 1 23 3 5 280 2 11 0 3 13 33 14 3 43 6 7 6 36 0
0 22 13 0 15 35 7 0 0 16 9 7 35 19 0 4 10 60 5 1 1 0 6 0 19 16 1 0 3 0 0 0 4 34 233 1 4 7 4 0 0 1 0 0 0 6 0 0 0 2 56 0 0 0 4 3 3 10 2 0 54 74 18 1 43 0 36 12 10 10 99 0 0 14 8 0 0 3 0 0 94 0 0 0 0 7 7 0 4 0 31 0 26 3 1 257 0 2 0 1 4 14 15 2 69 8 2 4 45 0
0 5 26 3 7 14 3 0 0 51 23 18 94 19 0 1 7 130 15 0 1 4 4 5 3 0 1 0 0 0 0 0 0 12 127 0 0 19 6 0 0 1 0 0 0 1 0 0 3 2 29 0 0 1 9 2 2 1 8 0 79 142 17 1 24 0 56 28 9 15 116 0 0 0 6 1 1 5 0 0 70 0 0 0 0 16 8 5 4 2 14 0 22 3 8 258 1 15 0 0 11 27 30 7 35 5 3 4 28 3
0 7 17 2 5 18 8 0 0 64 10 23 101 35 2 0 21 145 7 0 0 4 7 1 3 0 0 1 5 0 0 4 0 6 166 4 0 25 10 0 0 0 0 0 1 9 0 0 2 0 69 0 0 1 3 2 0 5 9 0 52 109 18 1 28 0 29 37 9 5 96 0 0 4 0 0 1 2 0 0 100 0 0 0 0 19 5 3 3 0 11 0 21 9 4 222 2 9 0 4 11 24 17 1 51 15 0 2 27 0
0 12 8 2 1 12 10 0 0 14 36 13 70 26 0 0 14 105 7 0 0 4 5 4 12 1 1 0 2 0 0 0 0 23 169 4 2 22 8 4 0 1 0 0 0 5 0 2 0 0 52 0 4 1 3 4 3 7 5 0 68 119 17 1 20 0 0 48 12 9 83 0 2 11 16 0 2 4 0 0 90 0 0 0 0 33 15 5 7 0 20 0 23 2 4 235 1 12 1 9 6 18 26 2 29 7 2 5 18 0
0 19 13 5 5 19 5 1 0 76 18 19 113 25 0 4 13 158 18 0 1 2 5 0 8 0 2 1 3 0 0 2 0 3 156 3 0 21 7 0 0 0 0 0 4 1 0 0 0 0 60 0 1 0 2 0 1 5 4 0 37 117 16 1 24 4 46 36 9 13 73 0 0 3 2 0 13 4 0 2 117 0 0 0 0 17 17 4 5 1 14 0 21 8 2 275 0 15 0 5 4 18 27 1 29 6 1 2 17 0
0 5 10 3 7 13 12 1 0 18 21 12 55 11 2 1 2 78 8 0 0 3 9 1 37 9 8 0 2 1 0 1 0 15 200 2 4 11 7 1 0 0 0 0 0 1 0 0 3 1 33 0 2 2 5 6 2 5 14 0 55 84 14 1 22 2 60 39 14 9 99 0 3 15 4 0 4 4 0 0 65 0 0 0 0 16 6 2 10 3 17 0 35 6 2 292 5 5 1 2 6 10 22 2 41 4 1 5 29 2
0 16 16 2 4 13 12 11 0 12 13 20 53 19 1 2 4 80 6 0 2 1 1 0 15 1 0 0 7 0 0 0 0 19 194 7 0 7 5 0 1 0 0 0 1 2 0 0 0 0 49 0 0 0 3 0 2 1 3 0 82 87 16 1 23 2 70 30 9 17 82 0 1 1 16 0 10 0 0 1 95 0 0 0 0 33 9 2 7 0 13 0 21 2 0 215 1 7 0 2 3 14 14 3 33 7 5 6 31 4
0 18 20 7 11 42 6 1 0 8 11 18 47 13 0 0 6 68 6 0 0 3 3 0 33 20 0 1 8 0 0 0 0 22 216 1 5 12 3 0 0 0 0 0 0 9 0 1 0 0 67 0 1 0 1 5 0 5 7 1 47 80 17 1 41 0 34 23 6 5 82 0 0 12 16 1 0 2 0 0 116 0 0 0 0 14 5 4 6 1 24 0 23 5 2 250 0 13 0 0 5 13 14 1 44 6 6 3 36 5
0 12 18 1 9 16 16 1 0 66 7 27 104 17 2 1 11 136 10 0 1 1 7 2 31 0 0 0 8 0 0 0 1 12 161 1 0 25 6 1 0 0 0 0 0 4 0 0 3 0 39 0 1 1 2 0 1 5 9 0 34 126 16 1 30 2 34 28 6 12 100 0 0 7 2 1 10 2 0 0 85 0 0 0 0 26 18 4 2 0 19 0 27 3 0 249 0 14 0 2 7 23 23 1 37 6 2 6 28 0
0 10 14 6 4 26 13 3 0 4 8 24 39 31 0 7 11 83 9 0 2 1 7 2 6 0 2 0 4 0 0 0 1 13 179 1 5 22 9 0 0 0 0 0 1 6 0 0 1 0 66 0 0 0 2 2 3 5 5 0 63 107 15 1 24 2 28 40 11 6 115 0 1 0 12 0 4 0 1 0 102 0 0 0 0 27 9 3 5 0 17 1 28 2 3 254 1 9 1 6 1 10 13 3 43 10 8 6 33 1
0 8 18 2 2 23 5 0 0 11 6 18 42 21 2 2 7 75 9 0 0 4 14 0 37 10 1 22 0 0 0 1 2 15 177 1 2 21 7 1 0 0 0 0 1 5 0 0 0 0 49 0 1 0 2 2 0 3 4 0 49 136 15 1 17 4 72 55 21 4 74 0 0 27 6 0 1 1 0 1 83 0 0 0 0 27 8 6 7 0 23 0 24 2 13 250 0 10 0 0 10 20 17 4 48 17 2 4 21 2
0 4 10 2 3 12 5 1 0 6 11 30 51 12 0 3 8 72 6 1 0 4 3 2 25 10 0 1 0 0 0 0 0 7 156 0 2 13 3 0 0 0 1 0 1 7 0 0 1 0 42 0 1 1 6 8 1 3 4 0 56 88 13 1 21 0 45 30 8 15 69 0 0 7 8 0 10 5 1 1 78 0 0 0 0 12 8 8 7 0 17 0 40 7 0 252 1 15 0 0 1 7 27 1 22 6 5 1 14 2
0 8 6 3 5 11 5 0 0 19 19 35 78 21 0 5 11 117 17 0 5 5 4 2 9 9 0 0 0 0 0 0 2 6 149 1 1 13 4 0 0 0 0 0 1 2 0 0 0 0 31 0 0 0 3 2 0 1 11 0 32 52 12 1 15 0 84 41 21 8 77 0 0 3 2 0 5 4 1 1 59 0 0 0 0 16 4 1 16 1 17 0 32 1 1 235 1 9 0 0 2 8 9 1 25 3 3 2 24 1
0 18 20 1 10 22 2 0 0 21 11 33 70 15 0 1 13 88 3 0 0 2 5 5 55 14 9 1 3 0 0 0 0 20 219 10 0 6 5 1 0 2 0 0 0 5 0 2 0 1 63 0 1 1 7 3 2 13 7 0 65 83 16 1 31 0 0 29 6 11 128 0 1 0 0 21 0 4 0 2 111 0 0 0 0 13 8 3 3 1 26 0 29 3 2 252 1 7 0 2 12 27 19 1 30 4 3 2 26 1
0 8 21 1 4 18 5 0 0 24 20 49 98 35 0 6 26 141 7 0 0 2 6 2 0 0 0 0 0 0 0 1 0 10 150 1 1 16 7 0 0 1 0 0 0 3 0 1 0 1 80 0 0 2 5 0 0 6 3 0 57 68 16 1 14 0 82 52 23 13 83 0 2 0 4 6 0 3 1 0 116 0 0 0 0 24 3 2 3 1 19 0 16 5 12 220 0 6 0 4 8 22 8 1 24 9 5 1 40 0
0 22 27 4 8 15 1 0 0 29 32 28 93 18 0 1 12 119 7 0 0 1 2 0 22 3 5 0 0 0 0 0 0 30 199 6 0 14 3 0 0 0 1 0 0 2 0 0 0 1 47 0 0 1 5 2 0 4 3 0 48 87 18 1 20 0 48 28 15 17 77 0 1 0 6 26 4 7 0 1 113 0 0 0 0 21 2 2 10 0 31 0 22 0 6 258 0 4 0 5 3 8 25 0 52 6 1 4 20 0
0 11 13 1 8 13 4 2 0 8 11 40 69 15 0 2 6 93 8 0 1 1 3 4 22 8 0 0 1 0 0 1 1 16 156 0 4 17 7 0 0 0 0 0 1 0 0 0 2 0 31 0 3 2 3 1 0 2 10 0 35 107 13 1 21 0 31 42 9 1 75 0 0 4 14 0 6 1 0 0 68 0 0 0 0 16 10 4 6 0 20 1 11 1 16 226 2 11 1 1 2 14 21 0 29 2 3 2 16 0
0 7 10 2 4 15 13 3 0 2 0 32 35 29 1 3 16 79 7 0 0 3 3 1 24 20 2 0 1 0 0 0 1 56 190 1 3 15 4 2 0 2 1 0 0 9 0 0 0 0 44 1 6 2 0 4 1 7 7 1 41 83 13 1 24 2 34 45 4 0 92 0 3 0 0 6 2 2 0 0 79 0 0 0 0 9 14 4 1 1 6 0 17 6 14 209 2 6 0 8 5 16 12 0 25 6 5 8 33 0
0 2 4 1 3 8 6 0 0 16 14 33 66 13 0 0 7 92 12 0 0 3 4 2 10 0 0 1 1 1 0 2 0 6 125 5 3 17 9 0 0 1 1 1 1 3 0 2 0 2 27 0 0 0 3 0 0 1 8 0 48 119 15 1 22 0 65 30 16 5 68 0 2 0 4 1 4 7 0 0 45 0 0 0 0 26 13 4 9 0 20 0 21 4 2 234 2 14 0 2 8 33 24 0 11 0 0 4 22 1
0 1 9 2 13 5 12 10 0 10 11 39 61 12 0 1 5 82 7 0 0 5 4 0 7 7 0 0 0 0 0 0 0 19 138 2 3 20 12 0 0 1 0 0 4 1 0 0 4 1 35 0 0 2 8 4 0 3 5 0 49 97 13 1 21 0 34 37 7 10 87 0 3 5 6 1 1 1 0 1 52 0 0 0 0 25 4 7 5 3 14 0 18 3 3 207 1 6 0 2 6 32 20 2 37 5 2 5 26 2
0 7 10 4 6 10 5 0 0 12 18 37 71 22 0 2 10 103 9 0 0 5 6 5 14 2 1 0 1 0 0 0 0 14 143 2 3 20 5 0 0 0 0 0 1 3 0 0 0 0 49 0 1 0 5 1 0 2 3 0 55 94 13 1 20 2 67 43 15 2 67 0 0 1 2 1 10 4 0 1 86 0 0 0 0 25 10 5 4 1 9 0 18 7 1 232 2 13 0 3 3 16 23 1 32 6 6 5 23 1
0 11 7 2 3 8 12 9 0 8 8 44 65 13 0 1 8 89 11 0 1 5 4 3 47 27 0 0 0 0 0 0 0 16 146 7 2 4 2 0 0 0 0 0 1 2 0 0 0 1 41 1 0 1 5 2 1 5 2 0 55 87 12 1 15 0 34 52 14 4 81 0 1 2 32 2 7 1 0 1 72 0 0 0 0 16 3 5 8 0 18 0 27 4 3 214 3 9 0 3 1 10 18 2 24 5 3 3 17 3
0 25 17 3 10 8 3 0 0 12 28 61 104 48 0 1 43 159 7 0 0 4 13 6 4 1 1 0 1 1 0 0 0 4 178 3 6 23 6 1 0 0 0 0 0 2 0 4 0 0 92 0 0 1 2 2 4 6 2 0 85 67 18 1 16 0 65 46 15 35 92 0 2 0 10 4 0 3 5 0 147 0 0 0 0 42 6 3 3 0 24 0 27 3 13 276 1 14 0 4 16 26 13 6 36 7 5 6 51 2
0 24 22 0 16 28 12 1 0 2 1 38 42 29 0 0 25 76 4 0 1 2 1 4 23 7 2 1 3 0 0 0 1 21 203 3 2 8 5 0 0 0 0 0 1 5 0 1 0 0 77 0 2 0 3 0 2 13 5 0 62 66 16 1 30 2 0 34 6 5 120 0 4 0 2 4 0 1 1 0 127 0 0 0 0 9 8 0 0 0 29 0 20 4 11 246 0 4 1 0 9 15 8 0 33 3 5 0 31 1
0 7 12 5 10 8 34 27 0 16 9 27 56 18 1 3 9 82 7 0 0 3 8 0 13 0 6 6 0 0 0 1 2 28 135 3 0 14 6 0 0 0 0 0 7 3 0 0 0 1 43 0 0 0 3 4 0 1 10 0 54 89 14 1 25 0 42 29 9 8 91 0 2 3 0 0 13 0 0 0 80 0 0 0 0 39 1 5 8 0 14 0 20 2 3 209 1 9 0 1 5 21 16 3 15 1 3 5 17 2
0 16 17 0 4 23 10 0 0 15 14 26 57 28 1 3 16 91 6 0 0 4 7 4 36 14 3 0 2 1 0 0 2 14 199 3 0 9 8 0 1 0 1 0 1 0 0 0 0 0 57 0 0 1 2 1 3 3 13 0 60 96 16 1 26 0 0 24 8 20 123 0 4 0 6 15 0 6 0 0 98 0 0 0 0 19 2 4 1 0 26 1 18 5 6 264 1 7 0 3 9 16 8 0 38 6 8 1 35 0
0 17 16 1 4 22 4 0 0 15 10 58 88 31 0 6 21 133 14 0 0 5 7 5 0 0 0 0 4 1 0 0 0 4 147 2 2 24 7 0 0 2 0 0 0 4 0 1 0 0 81 0 0 0 1 1 0 6 2 0 56 63 17 1 18 0 76 39 22 9 96 0 2 0 2 11 0 6 1 0 122 0 0 0 0 15 1 1 0 0 16 0 25 8 15 215 0 3 0 3 16 31 9 5 25 5 1 4 47 0
0 10 17 3 6 27 13 6 0 16 22 42 83 22 0 0 19 107 2 0 0 1 4 0 25 10 6 1 3 0 0 0 1 25 214 5 1 21 4 1 0 0 1 0 0 1 0 2 1 0 62 0 2 2 2 2 3 4 4 0 52 72 16 1 26 0 0 29 10 12 124 0 3 0 4 11 0 2 3 0 103 0 0 0 0 18 1 3 4 0 22 0 29 1 5 259 0 12 0 2 9 20 18 0 34 5 3 1 38 0
0 17 24 3 3 33 12 0 0 5 11 20 42 19 0 2 14 73 9 0 1 5 2 0 24 3 9 0 0 0 0 0 0 27 216 9 0 11 7 0 0 1 0 0 0 4 0 0 1 0 40 0 0 1 6 15 1 11 5 0 54 68 17 1 25 0 47 24 13 15 86 0 0 0 0 25 2 5 0 0 92 0 0 0 0 22 4 1 3 0 34 0 22 1 12 258 0 5 0 0 3 7 17 2 46 5 5 1 25 5
0 4 17 2 5 15 8 0 0 13 7 78 108 18 0 0 9 133 6 0 0 0 4 3 5 3 2 0 0 0 0 0 1 7 113 1 1 13 9 1 0 1 0 0 3 3 0 0 1 0 57 0 0 1 3 1 1 2 2 0 37 82 14 1 29 0 18 28 9 3 68 5 2 1 14 3 9 2 0 0 93 0 0 0 0 12 15 4 5 0 19 0 22 4 4 224 0 11 0 3 6 27 14 0 31 5 2 2 19 2
0 21 25 1 7 20 13 4 0 12 17 4 36 17 0 3 10 65 11 0 0 5 0 0 25 6 9 0 2 0 0 1 0 27 229 1 0 13 3 2 0 0 0 0 1 1 0 0 0 0 43 0 0 1 5 13 0 7 7 0 79 78 17 1 24 0 47 30 7 14 92 0 0 0 2 26 0 6 0 0 99 0 0 0 0 26 3 3 3 2 23 0 27 2 2 248 1 7 0 4 0 7 20 1 35 4 1 4 23 4
0 7 16 3 6 45 2 0 0 2 2 11 16 36 2 1 16 55 0 0 0 0 4 4 1 0 1 0 0 0 0 2 1 9 245 3 2 11 6 1 0 2 0 0 0 9 0 0 6 1 81 0 0 7 5 0 2 5 3 0 44 81 16 1 51 2 2 27 1 1 94 3 0 0 6 5 3 3 0 0 121 0 0 0 0 11 5 1 0 0 22 0 21 5 4 212 0 3 0 11 8 22 2 1 49 12 5 7 31 0
0 7 12 3 3 18 13 1 0 6 17 25 50 43 0 3 30 98 5 0 0 0 26 3 27 0 5 7 5 1 0 11 1 3 187 0 4 21 6 1 0 1 0 0 1 7 0 0 0 0 66 0 1 1 1 3 0 3 18 0 58 84 14 1 26 2 42 34 6 18 78 1 2 0 2 6 10 2 0 1 105 0 0 0 0 5 6 0 5 1 17 0 19 7 2 253 5 13 1 1 6 19 12 0 34 10 3 2 26 1
0 11 19 4 12 27 18 1 0 2 2 27 31 20 0 2 10 61 7 0 0 3 8 0 11 6 3 0 6 2 0 0 1 21 228 4 1 14 11 0 0 0 0 0 0 5 0 0 0 0 49 0 0 3 2 0 0 8 5 1 52 78 15 1 25 2 30 41 9 7 96 3 16 0 0 11 6 4 0 2 98 0 0 0 0 18 9 3 4 0 33 1 23 2 10 252 1 6 0 1 2 17 11 2 45 9 4 4 34 0
0 4 18 8 5 10 4 0 0 55 15 22 94 25 0 5 13 130 11 0 0 3 5 0 4 1 0 2 0 0 0 7 1 10 128 1 3 26 3 0 0 0 1 0 0 4 0 0 0 0 41 0 0 0 4 2 4 4 9 1 57 92 15 1 14 0 89 52 20 16 67 3 2 0 12 7 14 3 1 0 90 0 0 0 0 33 16 2 7 0 18 0 24 6 1 258 0 13 0 3 3 11 28 3 31 3 7 6 38 0
0 17 20 2 10 23 20 10 0 12 18 17 49 32 2 2 19 91 8 0 0 3 7 0 11 1 10 0 1 0 0 0 1 17 204 5 1 19 4 1 0 0 0 0 0 5 0 2 6 1 45 1 1 7 1 1 2 3 2 0 46 93 15 1 24 0 26 35 9 12 94 1 2 4 6 0 6 7 0 0 107 0 0 0 0 28 3 3 4 2 25 0 21 2 2 255 3 5 0 8 5 14 20 4 33 4 9 5 40 1
0 5 19 0 13 27 24 0 0 5 0 23 29 19 2 0 11 56 5 0 1 1 5 3 2 0 0 2 6 3 0 0 1 11 159 4 5 16 8 1 0 3 0 0 3 11 0 0 1 0 60 0 0 3 4 0 1 0 8 1 35 98 13 1 23 2 26 37 5 14 62 5 2 1 2 3 4 3 2 0 97 0 0 0 0 17 8 6 3 0 16 0 21 3 1 191 1 4 0 4 6 25 14 0 40 2 3 2 21 0
0 3 8 4 5 23 15 0 0 33 11 19 66 31 1 0 21 107 5 0 0 0 29 1 17 5 0 2 5 3 0 1 1 6 235 6 1 20 6 1 0 0 1 0 1 4 0 1 0 0 66 1 1 1 8 0 0 1 13 1 45 77 15 1 32 2 29 34 10 4 81 0 3 0 2 10 2 0 0 0 88 0 0 0 0 14 11 2 5 1 11 2 16 2 1 232 7 10 0 0 12 25 16 0 46 11 9 4 30 0
0 5 11 1 6 16 3 1 0 59 17 20 97 27 1 5 14 131 6 0 0 2 10 6 2 1 0 0 0 0 0 0 0 12 126 0 3 15 6 0 1 1 0 1 0 4 0 0 0 1 55 0 0 1 3 2 1 7 5 1 61 101 14 1 19 0 62 47 4 18 86 5 2 0 22 7 10 1 1 0 86 0 0 0 0 19 19 3 1 1 21 0 22 4 2 258 3 13 0 4 12 23 24 2 30 4 5 5 24 1
0 7 14 2 8 15 6 1 0 60 7 22 93 29 0 4 18 132 7 0 2 3 7 0 6 2 0 0 0 0 0 1 0 16 152 1 4 24 7 2 0 1 0 0 3 5 0 0 0 1 57 0 1 0 5 4 1 7 4 0 42 111 14 1 21 2 57 39 10 13 87 1 4 0 20 8 4 2 0 0 89 0 0 0 0 23 8 5 3 1 15 1 34 2 2 240 1 12 0 1 8 21 27 3 31 9 7 5 27 3
0 5 10 3 5 24 2 0 0 0 6 25 36 47 0 2 21 94 7 0 0 2 11 1 16 2 0 12 2 2 0 2 0 27 233 1 6 28 3 1 0 1 0 0 2 11 0 3 2 0 74 1 3 1 10 3 4 4 18 2 56 85 15 1 31 2 16 46 5 0 71 1 7 0 2 12 4 1 5 0 108 0 0 0 0 6 9 4 1 0 11 1 13 6 18 228 6 10 0 1 15 37 8 0 38 7 4 2 34 0
0 8 17 1 15 35 7 2 0 0 0 43 49 36 0 3 18 87 0 0 0 0 8 2 25 2 2 0 3 2 0 4 1 15 210 1 6 14 5 1 0 0 0 0 1 16 0 1 2 0 82 0 0 2 2 3 1 4 6 0 64 83 16 1 44 0 16 27 0 8 94 1 3 0 2 2 12 2 1 0 126 0 0 0 0 9 5 1 3 0 30 1 27 1 1 244 0 6 0 4 11 19 8 0 40 5 4 3 33 1
0 3 17 3 7 20 5 0 0 7 9 37 56 35 2 3 20 99 7 0 0 0 13 0 30 12 5 1 5 1 0 0 0 20 232 2 5 18 6 1 0 0 0 0 1 8 0 1 0 0 73 0 1 1 5 0 1 4 7 1 61 73 16 1 30 6 28 43 4 0 89 2 10 0 0 5 3 3 1 0 106 0 0 0 0 15 6 2 1 0 20 0 14 3 9 232 3 16 0 6 13 22 7 0 45 9 5 7 31 0
0 2 15 2 3 30 7 0 0 1 2 17 22 30 1 3 19 55 2 0 0 0 15 2 1 0 0 1 0 0 0 15 0 13 250 3 5 20 6 0 0 5 0 0 0 14 0 1 2 1 72 2 1 2 2 3 0 1 4 0 40 69 16 1 41 2 8 35 0 3 91 0 1 0 4 8 2 2 1 2 103 0 0 0 0 18 17 0 2 2 11 1 32 2 2 227 2 7 0 4 8 25 4 0 83 13 7 20 56 0
0 4 10 2 3 25 7 0 0 13 7 44 70 29 0 1 14 109 5 0 0 2 11 3 20 1 0 19 0 0 0 6 1 17 191 4 1 19 3 1 0 0 0 0 1 6 0 0 2 0 57 2 1 1 5 0 1 2 6 2 36 75 14 1 19 0 88 55 16 2 92 1 2 0 0 0 7 0 3 0 90 0 0 0 0 16 11 3 8 1 9 0 10 5 20 232 2 8 2 1 9 20 9 6 32 9 5 2 30 3
0 9 12 3 15 21 16 1 0 9 5 33 50 14 0 0 7 76 11 0 0 7 14 1 34 8 10 0 4 0 0 0 1 11 218 6 0 25 6 0 0 0 0 0 1 1 0 0 0 1 72 0 1 4 5 1 2 2 6 1 44 85 15 1 19 0 57 57 12 6 79 1 6 0 16 4 10 1 0 0 112 0 0 0 0 24 6 1 7 1 16 0 22 2 6 211 0 11 1 2 10 23 16 3 31 7 6 4 22 2
0 10 18 0 8 31 7 0 0 13 21 26 65 26 0 0 18 96 3 0 0 1 15 2 23 2 2 5 1 0 0 7 3 7 225 1 2 22 5 2 0 1 1 0 1 13 0 1 0 0 86 0 0 1 8 0 0 0 10 0 62 73 17 1 43 0 18 21 4 11 94 3 2 0 6 8 3 3 1 1 125 0 0 0 0 11 5 5 4 0 18 0 28 3 2 232 4 4 1 3 7 20 13 0 41 10 6 2 33 0
0 9 16 1 10 34 4 0 0 3 0 11 16 22 2 2 11 42 4 0 0 1 14 5 26 8 4 2 8 0 0 0 4 18 276 4 1 6 5 0 0 0 0 0 0 10 0 1 0 0 77 1 0 5 2 0 1 4 7 0 56 64 14 1 27 2 36 47 3 7 93 1 14 0 10 11 9 4 0 0 122 0 0 0 0 19 2 4 3 0 18 0 21 6 2 197 2 5 1 2 12 17 4 2 45 8 5 6 29 3
0 9 19 2 8 43 9 3 0 42 3 23 71 49 1 3 28 126 4 0 0 0 5 2 6 0 1 0 2 0 0 1 0 14 186 11 5 20 7 0 1 1 0 0 0 12 0 0 2 0 69 0 3 3 9 0 4 7 7 1 51 73 17 1 37 0 5 35 3 2 91 1 0 0 8 4 6 3 1 0 116 0 0 0 0 9 5 4 4 0 19 0 22 4 0 237 0 8 0 6 6 19 8 0 48 8 4 2 38 0
