0 12 19 3 7 23 5 0 0 14 15 13 44 30 3 1 15 85 8 0 0 3 8 0 72 9 13 0 12 3 0 0 0 6 249 2 0 14 2 0 0 0 0 0 1 2 0 0 0 0 37 0 0 0 1 9 0 1 2 0 38 64 17 1 17 2 0 77 6 0 89 0 1 0 0 41 5 1 0 3 81 0 0 0 0 29 11 2 4 3 26 0 36 1 0 261 0 7 0 0 7 19 15 4 53 6 7 5 30 0
0 8 14 1 3 9 15 0 0 32 29 22 84 19 0 2 10 122 18 0 2 5 8 1 66 23 4 1 8 0 0 0 0 7 236 2 3 22 3 0 0 0 0 0 0 2 0 0 0 0 38 0 0 0 5 6 0 3 2 0 63 74 17 1 15 2 0 77 18 0 92 0 0 0 0 48 5 0 0 0 66 0 0 0 0 33 21 1 7 0 27 0 13 6 3 257 1 12 0 0 1 11 16 2 27 3 3 2 11 1
0 9 8 7 6 23 6 0 0 20 21 6 54 27 2 4 15 87 6 0 0 3 7 2 62 24 0 0 24 2 0 0 1 7 270 4 2 20 7 0 0 0 0 0 1 0 0 0 2 0 42 0 0 3 4 0 0 0 6 0 37 66 16 1 20 2 2 65 6 0 108 0 6 0 0 39 1 1 0 3 74 0 0 0 0 37 5 5 6 0 20 0 39 2 3 250 2 8 2 2 1 16 14 1 38 8 0 6 21 1
0 9 10 3 4 16 12 6 0 14 15 9 40 18 0 4 9 81 22 0 0 10 6 0 64 9 21 0 16 0 2 0 1 3 245 4 0 12 6 0 0 0 0 0 0 0 0 0 1 0 25 0 0 1 2 4 1 1 1 0 37 64 16 1 14 0 0 78 21 0 94 0 11 0 0 58 3 4 0 0 55 0 0 0 0 57 8 5 5 1 21 0 20 3 1 265 0 12 2 1 0 16 17 11 52 6 3 5 18 0
0 7 9 2 6 12 12 1 0 31 31 8 76 19 1 1 9 107 11 0 2 3 7 1 50 16 0 1 11 4 0 0 1 7 207 2 0 18 5 0 0 0 0 0 0 2 0 0 0 1 45 0 0 1 2 1 1 1 1 0 55 80 16 1 18 0 0 64 13 0 92 0 3 0 0 49 2 3 0 0 69 0 0 0 0 43 24 4 2 0 19 0 28 3 1 264 2 15 1 2 6 20 14 4 42 6 2 6 26 1
0 17 4 4 4 17 15 0 0 19 28 16 64 30 0 1 18 108 9 0 0 4 1 1 49 3 25 0 0 0 0 0 2 5 197 1 0 17 4 0 0 2 0 0 0 1 0 0 2 0 23 0 0 1 1 6 1 1 6 0 42 61 17 1 16 0 0 65 18 0 95 0 0 0 0 57 6 3 0 0 59 0 0 0 0 31 14 3 5 1 20 0 25 3 0 282 0 9 1 6 2 21 23 2 45 3 3 6 35 1
0 7 1 6 9 20 12 1 0 43 27 11 84 30 1 3 12 127 12 0 0 2 20 2 52 6 1 0 20 4 0 0 1 14 229 1 1 26 8 1 0 0 0 0 2 4 0 0 0 0 43 0 0 0 1 0 0 1 3 0 47 71 17 1 19 8 0 59 21 1 89 0 2 0 0 51 5 0 0 1 64 0 0 0 0 21 12 5 11 1 18 0 19 4 0 276 3 16 1 1 6 26 18 1 49 9 0 4 30 0
0 14 13 3 7 18 14 1 0 22 35 19 76 26 0 3 19 113 11 0 0 1 3 3 65 18 16 0 10 0 1 0 2 3 204 5 1 19 4 0 0 1 0 0 0 3 0 0 0 0 15 0 0 0 1 7 1 1 1 0 59 84 15 1 15 0 4 86 6 0 89 0 10 0 0 48 7 2 0 0 54 0 0 0 0 41 5 3 9 2 15 0 30 4 2 262 2 5 2 1 3 10 17 2 33 4 4 3 23 0
0 4 5 2 5 19 18 17 0 21 31 17 71 36 1 2 22 122 15 0 0 9 2 3 26 6 0 0 8 0 0 0 0 10 177 3 0 28 7 0 0 1 1 0 2 3 0 1 0 0 39 0 1 1 3 0 1 0 5 0 43 105 17 1 16 0 0 58 25 0 89 0 0 0 0 47 1 3 1 2 59 0 0 0 0 46 13 3 14 0 23 0 23 5 1 257 1 13 0 2 0 28 29 1 41 7 1 5 29 0
0 14 12 3 10 23 8 1 0 32 29 9 71 24 1 1 14 111 16 0 0 1 12 0 52 3 14 0 8 0 0 0 1 9 213 1 4 22 6 1 0 0 0 0 2 3 0 0 1 0 40 0 0 0 1 10 2 2 8 0 39 90 17 1 16 0 2 70 19 0 97 0 4 0 0 52 2 2 0 0 74 0 0 0 0 24 15 0 4 1 19 0 23 3 1 286 1 10 0 0 3 20 19 1 46 2 0 7 26 0
0 10 13 6 2 24 8 2 0 18 12 29 62 24 2 2 13 95 7 0 0 3 9 0 51 10 1 0 19 1 0 0 0 8 220 3 2 20 4 0 0 0 0 0 2 3 0 0 0 0 38 0 0 0 8 0 0 1 1 0 36 57 16 1 16 6 6 75 14 0 89 0 4 0 0 40 2 0 1 1 71 0 0 0 0 22 7 1 4 2 38 0 29 5 0 277 2 13 0 0 4 22 12 2 45 8 1 6 36 0
0 10 13 4 4 19 12 3 0 25 27 15 69 15 0 3 10 102 13 0 0 6 8 2 47 7 11 0 11 1 0 1 0 6 210 4 0 20 8 0 1 0 0 0 0 4 0 1 1 0 34 0 1 0 4 1 0 2 1 0 36 74 15 1 17 10 2 71 14 1 99 0 10 0 0 38 2 1 0 0 66 0 0 0 0 19 12 6 5 1 24 0 26 2 4 297 0 8 1 0 4 23 21 1 56 5 5 7 27 0
0 3 9 6 4 8 11 4 0 32 24 21 80 23 0 0 10 125 19 0 2 8 4 2 52 25 0 0 22 0 0 0 3 8 255 1 1 18 14 0 0 0 1 0 0 2 0 0 0 0 31 0 0 0 7 2 0 0 1 0 48 79 17 1 13 14 2 83 24 0 92 0 0 0 0 53 1 1 0 0 51 0 0 0 0 33 14 2 6 0 11 0 25 3 1 247 0 25 2 0 6 25 31 2 20 2 1 7 12 0
0 15 15 6 5 33 18 2 0 32 16 20 71 16 0 0 10 100 12 0 1 4 5 1 49 4 10 1 19 0 0 0 0 4 216 4 1 13 6 0 0 0 0 0 0 6 0 0 1 0 39 0 0 0 3 6 0 0 2 0 46 74 17 1 16 0 3 78 10 0 95 0 4 0 0 46 0 3 0 0 78 0 0 0 0 21 6 7 3 1 24 0 40 2 1 256 2 10 0 0 1 17 18 0 46 6 3 9 29 0
0 10 7 12 9 6 6 0 0 11 12 12 42 29 3 2 14 86 14 0 1 1 8 3 51 12 15 0 23 2 0 0 0 7 276 0 1 14 4 0 0 1 0 0 1 3 0 0 1 0 35 0 0 2 4 8 1 4 5 0 47 79 16 1 17 0 1 70 14 0 87 0 8 0 0 49 3 2 0 0 71 0 0 0 0 28 7 1 6 1 17 2 29 4 2 270 0 16 0 1 6 14 25 0 33 5 3 5 18 0
0 19 9 3 8 21 13 3 0 9 9 18 42 20 1 0 12 73 8 0 0 2 12 0 57 14 7 0 8 2 0 3 1 10 293 0 2 9 4 0 0 0 0 0 0 3 0 0 0 0 42 0 1 0 4 3 1 0 1 0 30 68 16 1 17 2 0 77 12 0 97 0 6 0 0 51 0 1 0 2 77 0 0 0 0 37 8 3 10 1 16 0 24 2 5 256 0 3 1 1 7 11 11 1 41 6 2 6 28 0
