0 5 7 0 9 23 13 4 0 3 3 10 16 12 1 3 6 33 5 0 0 4 5 2 23 10 2 3 3 0 0 1 1 37 207 3 1 16 7 4 0 1 0 1 2 3 0 0 0 0 35 1 6 2 6 7 0 8 10 0 49 98 13 1 39 0 18 28 2 0 102 4 2 1 0 0 0 4 0 0 64 0 0 0 0 13 8 1 0 2 20 0 21 8 10 193 0 4 0 1 10 30 18 0 40 3 0 8 27 3
0 6 19 2 11 33 13 0 0 34 0 15 55 31 0 2 16 97 5 1 0 3 15 9 9 3 4 0 4 1 0 1 0 24 181 2 2 19 6 0 0 0 1 0 0 10 0 1 0 0 66 1 4 2 1 3 1 5 9 2 76 115 16 1 37 0 16 40 1 0 111 1 4 0 0 1 3 3 1 1 108 0 0 0 0 4 24 7 2 1 19 0 23 9 0 271 0 18 0 4 9 21 14 0 40 7 6 6 29 0
0 10 13 6 14 40 6 0 0 4 0 3 13 21 0 4 6 46 11 0 1 1 3 4 29 8 1 1 0 0 0 1 0 13 243 1 7 14 16 0 0 1 0 0 0 4 0 1 0 0 76 0 4 0 6 1 3 9 4 0 75 100 18 1 57 0 16 14 3 10 128 0 3 0 6 4 0 0 0 0 109 0 0 0 0 9 8 0 1 2 30 0 30 4 4 288 2 7 1 1 4 9 13 0 60 8 5 3 44 3
0 5 6 4 4 15 8 1 0 17 11 16 46 31 1 8 16 86 9 0 0 4 4 0 35 3 5 9 13 0 0 0 2 13 218 0 2 20 11 2 1 0 1 0 4 1 0 0 0 0 52 0 0 0 6 7 0 1 29 0 55 88 17 1 24 0 57 41 13 8 87 0 1 0 4 24 0 0 0 0 71 0 0 0 0 17 15 3 6 1 14 0 24 1 8 236 2 10 0 2 8 20 14 1 58 3 2 3 44 0
0 9 21 2 11 41 16 4 0 3 1 1 8 14 0 1 5 37 9 0 0 0 5 2 23 1 2 0 0 0 0 0 0 24 245 5 2 26 8 1 0 0 0 0 1 8 0 0 2 0 83 0 1 4 3 3 2 9 1 0 68 108 17 1 65 0 2 13 3 8 144 1 4 0 3 4 1 0 0 0 123 0 0 0 0 14 3 0 6 1 34 0 28 7 2 296 1 11 1 1 3 12 18 2 44 13 3 3 24 6
0 3 11 2 7 25 5 0 0 4 4 16 25 13 0 2 8 47 7 0 0 2 5 2 7 0 0 0 2 0 0 1 1 36 185 3 2 10 5 1 1 0 0 1 0 1 0 0 0 0 44 0 2 4 1 3 1 2 11 0 44 79 12 1 23 0 38 33 5 9 67 1 5 7 0 0 2 3 1 1 75 0 0 0 0 17 1 6 3 1 11 0 20 0 18 207 0 8 0 3 4 15 24 1 50 9 2 3 21 12
0 7 16 2 5 28 9 0 0 12 5 13 35 24 0 2 10 70 8 0 1 1 4 4 49 2 3 23 16 3 0 0 0 7 237 0 6 17 5 0 0 0 0 0 0 12 0 1 4 1 50 1 0 3 3 2 1 5 39 0 52 88 16 1 33 0 39 39 4 2 111 0 0 0 0 15 3 5 0 3 91 0 0 0 0 11 5 3 5 0 14 1 20 2 18 250 3 20 0 4 12 27 15 2 28 10 4 0 17 2
0 16 40 2 10 22 3 0 0 15 2 16 36 29 2 0 23 74 8 0 0 2 3 2 14 4 0 0 1 0 0 0 0 13 220 6 5 6 6 0 0 0 0 0 3 4 0 4 4 2 54 0 0 5 4 0 1 10 2 0 62 114 17 1 33 2 20 33 5 5 73 0 1 0 4 8 19 7 0 0 143 0 0 0 0 10 4 1 3 2 26 0 17 3 4 229 3 9 0 4 4 20 13 0 53 6 6 4 50 2
0 8 19 3 10 13 3 0 0 15 2 10 28 41 1 6 16 80 9 0 0 5 6 1 43 4 0 25 6 0 0 1 0 18 204 0 1 23 10 0 0 1 0 0 5 5 0 0 2 0 39 0 0 3 5 3 3 2 15 0 53 100 15 1 28 2 53 33 13 7 104 1 5 0 12 20 7 3 3 4 89 0 0 0 0 13 11 1 1 2 8 0 19 5 8 246 2 12 1 5 7 22 20 0 52 8 5 2 33 0
0 10 10 2 8 22 15 3 0 3 2 15 22 22 0 2 7 50 3 0 0 2 10 1 37 24 0 1 10 7 0 0 1 14 282 2 5 17 4 0 0 1 0 0 0 4 0 2 0 0 70 1 0 2 6 2 3 13 2 0 64 101 15 1 48 0 19 29 1 2 115 2 4 0 5 12 3 3 1 0 103 0 0 0 0 6 7 3 4 1 27 1 27 5 0 228 1 2 1 3 7 15 14 0 55 12 6 3 40 5
0 9 27 2 10 32 16 1 0 11 8 19 40 14 1 1 6 67 11 0 0 6 9 1 25 9 0 0 6 1 0 2 1 3 224 1 1 16 10 0 0 0 0 0 0 3 0 1 2 1 63 0 0 2 7 2 0 6 4 0 54 77 15 1 28 4 32 35 14 4 97 0 4 0 2 12 6 0 0 1 110 0 0 0 0 22 10 0 1 2 15 0 24 4 1 234 0 8 0 2 7 17 11 0 64 19 5 6 38 0
0 13 21 5 10 27 12 0 0 1 1 26 32 28 0 3 11 77 14 0 0 5 8 3 17 5 2 2 2 0 0 0 1 12 203 0 5 16 8 0 1 0 0 0 1 7 0 0 2 0 78 0 1 4 8 5 0 11 10 0 71 104 17 1 32 0 25 33 10 3 90 0 2 0 4 9 8 1 1 0 133 0 0 0 0 13 8 3 1 0 16 0 18 1 3 229 1 17 0 8 3 22 13 0 40 11 6 2 34 0
0 7 24 4 11 25 17 2 0 21 0 5 29 42 0 3 15 78 3 0 0 0 6 1 17 3 0 0 0 0 0 0 0 17 205 4 2 20 11 0 0 2 0 0 0 9 0 3 6 0 57 0 0 6 10 1 3 7 6 0 73 107 17 1 43 2 24 31 3 1 83 0 2 0 2 3 12 5 1 1 117 0 0 0 0 15 5 1 4 0 27 0 24 6 2 251 1 7 0 4 9 28 16 0 47 8 7 8 27 1
0 1 9 4 6 28 5 3 0 0 1 7 8 32 0 2 15 48 7 0 0 4 4 1 15 2 3 5 3 0 0 0 1 46 239 0 1 17 7 0 0 0 1 0 1 3 0 2 4 2 45 0 1 6 3 4 0 5 14 0 41 104 17 1 44 0 19 28 2 3 123 0 0 0 0 7 5 4 3 1 80 0 0 0 0 13 20 4 3 2 19 0 28 2 4 273 0 10 1 7 18 30 19 0 55 3 7 0 47 1
0 11 15 1 10 33 28 7 0 18 0 23 43 17 0 1 12 64 0 0 0 0 4 3 5 0 1 0 4 2 0 1 3 16 198 2 2 10 8 0 0 0 0 0 1 7 0 1 0 1 65 0 5 0 4 0 1 4 2 0 44 68 15 1 30 2 0 41 1 0 81 0 0 1 0 4 5 2 2 0 106 0 0 0 0 6 7 0 0 0 9 0 26 2 2 190 0 5 2 1 8 15 2 0 38 7 5 6 32 0
0 6 18 3 5 27 9 2 0 40 6 25 74 18 0 3 11 97 3 0 0 0 2 2 1 1 0 0 0 0 0 0 3 6 169 0 0 24 7 1 0 0 0 0 1 10 0 1 0 1 53 0 0 1 4 3 1 1 4 0 45 92 15 1 30 0 20 37 3 1 67 0 0 4 4 0 6 3 0 0 92 0 0 0 0 11 3 6 1 1 15 0 17 5 5 195 1 14 0 2 4 19 9 1 38 7 2 7 31 1
0 5 9 3 4 44 4 0 0 13 5 7 29 33 2 3 12 70 8 0 1 7 5 5 35 2 1 16 3 0 0 0 0 29 196 1 0 19 6 0 0 0 1 0 3 3 0 0 10 0 41 0 0 5 2 9 0 4 24 0 69 121 17 1 31 0 35 31 9 5 99 0 2 0 8 18 4 1 0 2 70 0 0 0 0 23 9 2 2 2 25 0 25 1 3 244 0 5 1 5 10 25 17 1 42 7 0 1 24 0
0 6 10 9 6 55 2 0 0 6 3 6 21 29 0 2 17 62 10 1 1 6 6 3 19 2 1 6 1 0 0 0 1 29 209 2 1 22 11 0 0 0 1 0 3 1 0 0 0 0 48 0 0 0 6 1 0 5 22 1 40 105 16 1 32 2 38 33 10 2 104 0 0 0 2 17 0 2 2 0 77 0 0 0 0 16 7 6 2 0 27 1 38 2 1 269 1 2 0 3 9 24 14 0 45 2 11 2 37 1
0 5 20 0 3 31 1 0 0 2 4 9 19 23 3 3 12 53 10 0 0 1 8 7 38 1 1 14 5 0 0 0 0 27 228 1 1 15 13 0 0 0 0 0 0 1 0 0 0 1 47 0 0 1 4 7 0 4 25 0 55 114 17 1 33 0 23 27 8 8 115 0 3 0 2 9 7 1 0 2 83 0 0 0 0 21 6 2 2 1 25 0 26 1 6 240 1 5 1 6 17 34 15 1 45 0 5 0 31 8
0 3 7 5 5 23 11 1 0 16 12 12 40 28 0 1 14 83 15 0 1 4 18 0 43 0 5 23 14 1 0 0 0 18 248 0 5 20 13 1 0 1 0 0 0 2 0 0 0 0 58 0 3 0 5 3 0 0 34 0 33 58 17 1 31 2 58 32 16 1 99 0 0 0 4 27 3 1 0 1 82 0 0 0 0 16 11 0 9 0 11 2 11 2 12 253 2 12 0 3 12 25 13 0 33 11 5 4 20 0
