0 5 11 1 0 16 21 1 0 30 10 43 88 42 5 1 30 165 34 0 0 2 6 3 0 0 0 0 0 0 0 0 2 24 134 1 0 33 6 0 0 0 0 0 0 0 0 0 0 0 19 0 0 0 0 1 0 0 2 0 38 136 21 1 23 0 0 54 1 0 185 0 0 0 0 0 1 10 0 0 47 0 0 0 0 81 3 3 2 0 18 0 32 1 3 237 0 2 0 0 0 3 23 21 38 6 1 6 28 0
0 4 2 1 2 22 28 0 0 10 0 11 26 60 0 3 21 125 36 0 0 4 8 2 0 0 0 0 2 0 0 0 0 24 134 3 0 33 11 1 0 0 0 0 0 2 0 0 1 1 40 0 0 1 3 0 0 0 3 0 46 125 20 1 22 2 2 62 1 0 181 0 0 0 2 0 3 6 0 0 58 0 0 0 0 46 3 3 6 0 17 0 23 5 0 252 0 3 0 0 0 4 11 52 27 6 0 1 17 0
0 0 8 1 3 31 19 0 0 41 7 1 55 78 1 9 34 140 7 0 0 0 17 1 1 1 0 0 19 1 0 0 1 26 199 1 0 42 5 0 0 1 0 0 0 13 0 0 1 0 18 1 0 3 2 1 0 1 8 0 29 118 19 1 21 0 0 67 2 1 131 0 0 0 0 0 0 0 0 0 31 0 0 0 0 54 2 5 2 0 9 0 13 5 1 213 1 5 1 5 1 24 11 12 51 1 5 1 28 0
0 2 7 0 8 23 4 0 0 17 2 9 30 75 5 3 42 122 16 0 1 4 5 0 6 0 0 3 6 2 0 0 0 59 189 0 0 32 7 0 0 0 0 0 0 4 0 0 0 0 11 0 0 1 0 0 1 2 4 0 15 91 20 1 30 0 0 40 1 0 234 0 0 0 0 0 1 0 0 0 23 0 0 0 0 111 4 2 2 0 15 0 17 0 3 203 1 0 1 1 0 3 18 67 44 4 1 2 30 0
0 12 13 2 4 10 6 2 0 34 16 8 63 61 0 12 33 151 25 0 7 8 1 0 3 1 1 0 10 0 0 2 1 20 120 2 2 15 8 3 0 0 0 0 0 1 0 0 0 0 11 0 0 0 0 1 0 0 3 0 21 94 15 1 14 0 14 48 9 25 164 0 0 1 2 2 0 1 0 1 43 0 0 0 0 82 2 4 2 0 17 0 29 5 2 252 0 5 0 0 0 1 19 8 64 1 2 6 35 3
0 6 9 1 2 5 9 0 0 48 17 19 97 67 0 15 37 181 16 0 0 4 5 0 0 0 0 0 1 0 0 0 0 24 145 1 0 32 13 2 0 0 0 0 0 0 0 0 0 1 12 0 0 2 0 0 0 0 0 0 28 130 19 1 15 0 4 69 12 0 171 1 0 1 6 0 1 4 0 0 37 0 0 0 0 57 4 2 5 1 7 0 21 0 3 215 0 2 0 1 0 5 32 14 48 1 5 4 35 0
0 12 1 1 6 9 10 0 0 22 15 6 43 57 11 1 32 119 18 0 0 5 5 1 1 0 0 1 0 0 0 0 0 28 154 0 0 25 10 0 0 0 0 0 0 4 0 0 1 0 17 0 0 1 0 0 0 2 3 0 32 87 20 1 25 0 0 45 3 0 225 0 0 0 0 0 0 7 0 0 39 0 0 0 0 129 5 11 3 0 8 0 17 0 4 190 0 1 0 0 0 4 23 45 32 5 2 10 39 0
0 1 6 0 1 6 10 0 0 22 17 27 74 90 3 4 29 173 9 0 0 1 13 0 10 4 0 0 1 0 0 8 0 4 168 1 1 31 11 0 0 6 0 1 1 2 0 1 3 0 48 0 1 1 2 0 1 0 2 0 44 105 18 1 28 0 0 50 1 0 165 0 0 0 0 0 2 3 0 0 62 0 0 0 0 88 4 5 1 1 14 2 15 0 1 191 0 14 0 2 3 23 13 12 32 13 0 3 18 2
0 4 5 0 4 17 12 0 0 30 1 12 43 77 0 16 47 130 9 0 0 1 9 0 2 2 0 0 4 0 0 0 1 38 188 0 0 53 13 0 0 0 0 0 0 2 0 0 0 0 35 0 0 0 0 1 1 0 7 1 51 106 20 1 18 0 0 69 1 2 159 0 0 0 2 0 0 0 0 4 48 0 0 0 0 59 0 1 1 0 8 0 23 1 1 190 0 0 0 0 0 4 13 16 64 7 3 2 49 0
0 17 5 3 9 17 8 0 0 15 12 1 28 95 6 2 49 146 20 0 1 2 4 1 4 3 0 1 0 0 0 0 0 35 209 0 0 30 11 0 0 0 0 0 0 0 0 0 0 0 30 0 0 0 0 1 1 1 6 0 31 81 18 1 17 0 0 62 4 5 168 0 2 0 0 0 1 3 0 0 59 0 0 0 0 77 1 7 1 1 11 0 8 0 2 192 0 2 0 0 3 5 24 25 51 9 1 9 39 0
0 10 13 1 11 22 10 0 0 20 8 13 41 95 11 1 54 162 25 0 2 6 13 1 6 0 0 3 1 0 0 2 0 29 121 0 0 42 10 1 0 0 0 0 0 2 0 0 0 0 14 0 0 0 2 0 0 0 2 0 22 111 19 1 31 0 0 38 2 0 209 0 0 0 0 0 1 2 0 0 42 0 0 0 0 110 5 3 0 0 17 0 18 2 2 209 1 0 1 1 0 0 13 38 43 10 4 4 23 2
0 4 10 0 0 21 9 0 0 43 22 8 95 81 10 15 14 197 15 0 2 4 16 0 1 0 0 1 4 0 0 0 1 21 144 2 0 25 9 0 0 1 0 1 0 11 0 0 0 1 17 2 0 1 0 0 0 0 13 0 25 120 20 1 28 0 2 45 3 2 162 0 0 0 2 0 0 2 0 0 36 0 0 0 0 73 5 2 5 0 29 0 17 3 0 235 0 1 0 3 1 17 16 14 25 7 0 2 17 0
0 4 13 0 2 10 11 0 0 44 35 68 152 50 1 6 29 224 21 0 2 2 4 0 1 0 0 1 3 0 0 0 0 12 123 4 0 13 9 1 0 0 0 0 0 0 0 0 0 0 21 0 0 0 1 0 0 0 1 0 23 99 20 1 22 0 2 52 2 1 167 0 0 0 0 0 0 5 0 1 45 0 0 0 0 82 5 2 3 0 27 0 25 0 0 267 0 2 0 1 0 4 28 10 33 6 0 0 14 1
0 11 11 1 0 9 13 0 0 32 11 29 75 69 4 2 43 162 16 0 0 2 5 3 0 0 0 0 0 0 0 3 1 19 137 3 0 21 2 2 0 0 0 1 0 0 0 0 0 0 18 0 0 0 0 2 0 0 2 0 53 145 22 1 23 0 0 50 4 0 180 0 0 0 0 0 0 4 0 0 47 0 0 0 0 84 2 2 4 0 14 0 13 0 2 184 0 3 0 0 0 7 22 17 41 0 8 15 42 0
0 7 17 0 2 15 19 0 0 29 19 28 80 76 5 9 37 178 18 0 0 1 1 0 0 0 0 0 2 0 0 3 3 21 133 2 0 24 10 0 0 0 0 0 0 1 0 0 0 0 27 0 0 1 0 2 0 0 3 0 17 90 20 1 23 0 0 47 6 1 190 0 0 0 0 0 0 2 0 0 54 0 0 0 0 74 4 1 4 0 9 0 28 2 0 203 0 0 0 1 1 11 17 26 50 2 1 9 45 0
0 10 11 0 3 10 11 0 0 41 3 8 54 55 0 9 31 143 25 0 1 2 17 0 4 3 0 0 5 0 0 0 1 31 148 0 0 21 8 0 0 0 0 0 0 0 0 0 0 1 33 0 0 1 3 0 0 0 11 0 40 96 19 1 15 0 2 77 5 0 175 0 0 0 0 0 2 4 0 0 61 0 0 0 0 80 2 0 0 0 19 0 20 1 3 203 0 3 0 1 1 4 10 38 45 2 2 8 31 0
0 4 4 2 3 20 15 0 0 23 15 7 63 75 11 5 32 170 25 0 1 3 6 0 1 1 0 0 3 0 0 5 0 24 140 3 0 30 18 0 0 0 0 0 0 3 0 0 0 3 50 1 0 1 3 1 0 0 6 1 43 121 19 1 16 0 0 71 12 8 95 0 0 0 0 0 0 3 0 0 65 0 0 0 0 48 4 8 4 0 18 0 20 3 1 258 0 18 0 3 0 17 32 6 41 4 1 5 32 3
0 7 3 1 2 7 28 1 0 5 16 11 38 101 0 2 41 166 25 0 1 0 10 1 2 0 0 1 4 0 0 1 2 31 171 0 0 34 9 0 0 0 0 0 0 0 0 0 0 1 39 0 0 0 0 4 1 0 6 0 38 102 17 1 17 0 24 63 11 2 195 0 3 0 0 0 1 3 0 0 54 0 0 0 0 56 4 3 4 0 15 0 14 7 4 220 1 9 0 0 1 6 22 11 27 3 2 0 16 0
0 0 6 0 3 15 12 0 0 32 20 5 65 87 1 0 32 160 8 0 0 1 31 1 0 0 0 0 0 0 0 0 0 19 131 2 0 46 11 0 0 0 0 0 0 1 0 2 2 0 51 1 0 2 7 2 1 1 9 1 45 112 20 1 23 0 2 58 3 0 160 0 0 0 0 0 0 2 2 0 64 0 0 0 0 61 12 9 9 0 8 0 14 4 0 252 2 4 2 0 3 14 33 4 26 4 0 3 13 1
0 4 3 2 6 24 25 1 0 28 3 15 49 100 0 8 58 159 9 0 0 5 7 0 0 0 0 0 11 0 0 0 0 32 186 0 0 33 9 0 0 0 0 0 0 2 0 0 0 1 17 1 0 1 2 3 0 0 5 0 39 118 21 1 19 0 0 66 5 1 151 0 0 0 0 0 0 3 0 0 31 0 0 0 0 53 3 3 0 0 13 0 15 0 1 162 0 2 0 3 0 23 16 21 68 8 0 3 30 0
0 1 3 1 3 18 48 2 0 12 18 20 56 57 4 6 26 131 15 0 1 4 22 1 0 0 0 0 5 0 0 0 1 18 139 0 2 49 8 0 0 0 0 0 2 4 0 1 1 0 42 2 0 4 1 0 2 2 3 0 48 126 17 1 17 1 0 52 23 7 113 0 0 0 2 0 0 6 1 0 60 0 0 0 0 54 11 4 6 0 9 0 15 7 2 230 0 1 0 3 2 23 38 5 40 5 3 2 29 1
0 2 3 6 0 10 12 0 0 24 13 32 85 73 1 2 19 183 20 0 0 5 11 0 1 1 0 0 2 0 0 0 2 8 117 0 0 43 17 0 0 0 0 2 0 1 0 0 0 4 53 15 0 1 2 2 1 0 4 0 41 97 20 1 30 0 2 40 7 0 175 0 0 0 0 0 4 4 0 0 88 0 0 0 0 77 4 4 11 0 4 0 22 0 2 216 0 10 0 1 6 24 21 5 47 16 0 0 17 0
0 11 12 1 6 17 6 0 0 20 11 11 42 88 10 0 49 154 22 0 1 4 6 1 6 0 0 3 0 0 0 2 0 28 132 0 0 38 9 1 0 0 0 0 0 1 0 0 1 0 18 0 0 0 2 0 0 0 2 0 27 114 20 1 30 0 0 41 0 0 215 0 0 0 0 0 1 3 0 0 47 0 0 0 0 115 3 8 1 0 17 0 19 2 3 213 1 0 1 1 0 2 16 37 48 11 4 4 24 1
0 4 11 0 3 16 10 0 0 42 10 14 70 99 1 8 36 188 17 0 2 6 6 0 0 0 0 0 5 0 0 0 0 18 147 2 1 39 11 1 0 0 0 0 0 1 0 0 0 0 41 7 1 2 2 4 1 1 6 0 43 103 18 1 27 0 0 33 18 1 169 0 0 0 0 0 0 3 1 0 71 0 0 0 0 52 10 10 1 0 11 0 21 4 1 232 0 9 0 0 0 10 32 6 37 11 1 1 15 0
0 1 11 0 1 17 8 1 0 25 14 19 61 52 0 0 19 132 18 0 0 8 16 4 0 0 0 0 2 0 0 2 1 16 160 3 0 46 10 0 1 1 0 0 0 2 0 0 0 3 38 1 1 0 7 0 0 2 7 0 43 115 20 1 22 0 0 55 7 0 166 1 0 0 0 0 1 0 0 0 54 0 0 0 0 79 13 18 1 0 13 0 9 1 0 242 1 20 1 3 4 25 32 9 32 10 0 0 12 0
0 5 10 1 4 17 10 0 0 32 10 3 48 46 1 1 22 106 11 0 0 2 24 2 0 0 0 0 0 0 0 0 1 19 150 0 0 30 16 0 0 0 0 1 0 7 0 1 1 1 37 2 0 1 4 0 0 2 7 0 56 95 19 1 23 0 0 59 1 1 178 0 0 0 2 0 1 7 0 0 64 0 0 0 0 85 8 16 6 0 14 0 17 1 1 239 0 19 1 7 3 21 13 31 38 10 1 6 25 1
0 7 9 0 2 15 17 1 0 37 23 14 89 74 0 5 44 179 16 0 1 1 13 0 0 0 0 0 6 0 0 0 1 13 116 0 0 42 8 0 0 0 0 0 1 2 0 0 0 0 23 0 0 1 5 0 2 0 2 0 34 135 19 1 18 0 0 68 5 1 151 0 0 0 2 0 1 4 0 1 46 0 0 0 0 39 5 4 4 1 10 0 22 4 0 263 0 5 0 2 0 21 35 13 44 5 1 5 21 0
0 4 8 4 1 13 21 1 0 62 13 57 136 45 0 7 25 189 7 0 2 0 1 0 0 0 0 0 4 0 0 4 0 16 140 1 0 27 4 1 0 2 0 0 0 2 0 0 0 0 28 0 0 0 1 0 0 0 5 0 31 127 20 1 19 0 0 63 0 4 160 0 0 0 2 0 0 1 0 1 48 0 0 0 0 73 1 4 4 0 10 0 25 2 0 192 0 8 0 0 0 11 17 24 46 2 5 7 23 0
0 4 7 0 9 25 8 0 0 16 1 16 35 80 3 5 45 134 18 0 1 5 14 0 5 0 1 2 7 2 0 0 0 51 161 0 0 35 9 0 0 0 0 0 0 3 0 0 0 0 10 0 0 1 0 0 1 1 3 0 13 91 18 1 30 0 0 37 3 0 243 0 0 0 0 0 1 1 0 0 25 0 0 0 0 109 2 1 2 0 16 0 16 0 1 200 1 0 1 1 0 3 15 63 37 2 1 1 23 2
0 1 3 1 1 17 7 0 0 22 9 8 40 57 0 0 17 112 15 0 0 9 16 2 2 0 0 2 4 1 0 5 6 11 149 9 0 45 9 0 2 1 0 0 1 5 0 0 0 2 41 0 1 0 3 0 0 0 6 0 41 96 17 1 29 6 2 43 5 1 198 0 0 0 0 0 3 5 0 0 57 0 0 0 0 105 14 12 8 1 14 0 7 3 0 223 2 7 1 2 10 32 20 9 40 19 1 5 9 1
0 1 5 2 1 8 16 0 0 27 28 16 80 66 1 4 26 157 10 0 2 3 23 6 1 1 0 0 0 0 0 0 2 29 176 0 0 44 4 0 0 1 0 0 0 8 0 2 0 4 34 4 0 1 10 0 1 0 7 0 58 143 20 1 22 0 0 57 10 0 118 0 0 0 0 0 2 2 0 0 52 0 0 0 0 51 3 4 6 0 9 0 5 1 0 212 1 10 1 1 0 26 21 3 43 14 2 4 29 0
0 6 8 1 8 18 6 0 0 29 9 7 53 89 3 6 54 152 10 0 1 0 19 0 1 0 0 0 0 0 0 0 0 40 155 1 0 44 8 0 0 0 0 0 1 8 0 0 0 0 19 4 0 1 0 1 0 0 4 0 43 129 21 1 21 0 2 61 2 0 167 0 0 0 0 0 0 1 0 0 40 0 0 0 0 44 4 1 0 0 10 0 23 0 1 207 0 6 1 3 0 22 21 19 59 7 4 2 30 0
0 1 12 3 4 12 8 0 0 73 9 6 96 69 0 9 40 179 12 0 1 5 1 0 3 2 0 0 9 0 0 0 1 28 144 0 0 34 8 1 0 0 0 0 0 0 0 0 0 0 17 0 0 1 0 0 0 0 2 0 26 121 19 1 18 0 12 44 13 8 157 0 0 0 0 0 0 3 0 0 39 0 0 0 0 49 4 6 6 0 36 0 21 1 3 250 0 6 0 2 2 5 59 4 53 3 1 3 45 0
0 6 14 2 3 13 20 1 0 44 8 3 59 80 3 3 62 165 22 0 3 1 5 0 3 2 1 0 10 0 1 0 0 26 150 2 0 36 16 0 0 0 0 0 0 0 0 0 0 0 17 0 0 0 2 0 0 0 1 1 24 102 17 1 19 4 6 36 18 9 170 0 0 1 4 0 0 1 0 0 41 0 0 0 0 79 4 2 9 0 13 0 18 5 1 250 0 5 0 0 0 3 32 13 39 7 5 7 28 0
0 0 3 2 0 6 14 3 0 32 30 5 81 69 3 3 16 165 12 0 0 3 18 0 0 0 0 0 0 0 0 5 1 5 124 1 0 27 13 1 0 0 0 3 0 3 0 1 1 1 41 8 0 2 4 2 1 2 7 0 48 131 18 1 29 0 0 40 9 0 167 0 0 0 0 0 1 6 1 0 65 0 0 0 0 64 7 6 20 0 12 0 16 3 1 241 1 8 1 1 0 15 29 4 31 7 1 4 17 0
