0 2 9 9 2 17 4 1 0 20 36 5 63 37 1 4 15 112 12 0 0 3 8 4 42 6 24 2 23 3 0 4 0 4 229 3 0 20 8 0 0 0 0 0 0 1 0 0 0 1 17 0 0 1 1 0 0 1 9 1 34 67 15 1 65 76 0 0 16 5 85 0 7 0 67 54 6 1 0 3 48 0 0 0 0 68 4 4 6 0 13 0 11 1 2 200 0 3 0 3 2 6 23 26 22 2 1 0 19 2
0 7 6 2 5 11 6 0 0 60 50 13 133 33 0 2 22 191 22 0 1 8 5 4 43 2 28 0 0 0 0 0 0 2 151 5 0 13 2 1 0 0 0 0 2 2 0 0 0 0 30 0 0 0 2 0 3 2 6 0 53 111 17 1 21 26 0 21 24 17 83 0 2 0 34 38 0 3 0 0 49 0 0 0 0 44 8 8 10 0 15 0 21 8 2 224 0 11 0 0 2 10 28 9 33 6 8 8 29 0
0 6 5 1 7 15 13 1 0 32 31 10 83 24 0 0 16 123 14 0 0 8 3 1 41 3 32 0 1 0 0 0 0 9 191 2 0 15 5 1 0 0 1 0 0 0 0 0 0 0 14 0 2 0 1 1 2 1 2 0 42 94 17 1 20 46 10 26 24 13 57 0 3 0 34 36 0 6 0 0 35 0 0 0 0 45 8 3 5 1 20 0 21 0 5 243 1 8 0 1 2 4 29 5 23 0 2 0 18 0
0 8 13 2 1 17 6 1 0 67 53 8 137 24 1 2 15 180 19 0 2 8 3 0 52 5 35 1 0 0 0 0 0 7 179 3 0 22 3 1 0 0 0 0 0 1 0 0 0 1 22 0 0 0 2 2 1 0 3 1 34 88 18 1 54 50 0 0 22 3 83 0 0 0 64 57 2 1 0 2 51 0 0 0 0 62 10 2 9 1 19 0 7 5 3 271 0 9 1 1 0 4 41 32 26 0 2 3 18 0
0 1 11 3 3 20 24 5 0 21 30 19 71 22 0 2 15 113 20 0 7 7 6 0 43 13 12 0 5 1 0 0 0 9 190 2 1 28 9 1 1 1 0 0 1 3 0 0 0 0 21 1 0 0 4 0 0 0 5 1 47 113 16 1 38 58 0 0 29 8 102 0 0 0 44 44 0 2 1 0 42 0 0 0 0 60 7 4 2 0 22 0 28 3 3 228 0 11 1 0 0 3 33 15 18 2 1 4 21 1
0 7 6 2 2 8 11 1 0 48 39 23 119 39 0 5 27 180 21 0 2 6 0 0 24 3 18 0 1 0 0 1 2 12 187 2 0 16 4 0 0 0 0 0 0 1 0 0 0 1 15 0 0 0 3 1 2 0 2 0 49 121 17 1 18 26 4 12 19 43 62 0 0 0 10 45 0 4 0 0 34 0 0 0 0 49 16 2 7 0 25 0 21 4 6 246 0 9 0 0 1 7 40 7 26 3 3 5 21 2
0 7 10 0 1 8 5 1 0 46 38 13 107 49 0 5 28 170 12 0 0 2 1 0 47 0 43 0 1 0 0 0 0 7 162 4 0 30 6 0 0 0 0 0 2 2 0 0 0 1 11 0 0 0 2 1 1 0 1 0 29 110 18 1 27 16 0 30 13 2 113 0 0 0 42 45 0 3 0 0 31 0 0 0 0 66 18 2 7 2 13 0 14 4 1 240 3 9 0 0 0 11 42 29 25 2 0 4 22 3
0 9 8 1 2 12 8 0 0 42 47 4 108 40 0 0 25 164 16 0 1 6 1 1 23 0 22 0 0 0 0 1 0 6 117 4 2 15 7 1 0 0 0 0 0 0 0 0 0 0 28 0 0 0 0 1 0 1 6 1 42 103 18 1 34 22 0 0 32 6 98 0 0 0 35 50 0 3 0 0 50 0 0 0 0 76 11 6 7 2 20 0 19 6 8 272 1 8 0 2 0 5 28 25 27 3 0 1 8 0
0 4 8 2 4 12 7 1 0 34 25 6 70 34 0 2 30 128 22 0 2 4 3 1 42 11 14 0 3 1 0 1 0 20 221 3 0 19 13 1 0 1 0 0 1 5 0 0 0 0 33 0 0 1 3 0 0 0 2 0 38 95 16 1 19 59 5 18 25 26 56 0 0 0 34 40 2 3 0 2 56 0 0 0 0 56 6 1 3 0 19 0 33 6 3 234 0 6 0 1 2 7 30 12 26 3 5 1 27 3
0 6 15 3 2 19 17 0 0 38 45 10 103 39 0 1 23 160 15 0 2 3 8 1 29 4 18 1 0 0 3 0 1 17 186 1 0 23 9 2 0 1 0 0 0 2 0 1 0 1 25 0 0 0 5 0 0 1 26 0 43 90 18 1 62 30 0 0 19 3 96 0 0 0 33 49 0 5 1 0 57 0 0 0 0 39 6 5 2 0 13 0 19 0 3 219 0 7 0 0 1 5 26 28 29 4 4 5 24 2
0 3 14 5 3 8 12 0 0 36 27 13 78 36 0 2 26 129 15 0 0 5 2 0 62 8 44 0 0 0 0 0 3 4 172 4 0 27 4 0 0 0 0 0 0 2 0 0 0 1 24 0 0 1 3 2 0 2 2 0 44 105 16 1 20 79 14 8 26 29 53 1 2 0 37 51 1 2 0 3 53 0 0 0 0 43 5 6 3 1 10 0 20 4 4 221 3 8 0 1 0 4 35 4 40 6 7 3 28 1
0 12 13 1 2 13 21 0 0 47 43 16 112 34 1 0 26 160 12 0 0 7 4 0 23 3 10 0 0 0 0 1 1 7 167 5 1 16 1 0 0 0 0 0 0 1 0 1 0 0 18 0 0 0 0 1 1 1 6 0 32 95 17 1 129 27 0 1 7 2 110 0 0 0 66 45 2 2 0 0 49 0 0 0 0 62 19 4 6 1 18 0 18 1 3 218 2 4 0 0 2 10 25 24 29 3 0 4 19 1
0 5 11 4 1 17 16 2 0 31 30 17 83 31 0 1 23 132 16 0 0 10 3 0 40 8 15 0 0 0 0 0 0 8 183 1 1 33 5 0 0 1 0 0 1 2 0 0 1 1 29 0 0 0 3 0 0 0 3 0 46 102 19 1 26 58 0 15 17 18 69 2 4 0 10 61 0 0 0 0 50 0 0 0 0 56 9 1 8 0 10 0 13 2 0 228 2 5 0 1 1 8 33 21 18 3 1 4 22 1
0 8 2 4 2 10 7 1 0 44 58 22 131 39 0 1 27 194 24 0 0 6 5 1 21 1 12 0 0 0 0 0 0 2 170 4 0 22 12 1 0 0 0 0 0 0 0 0 0 0 27 0 1 0 8 0 3 0 2 0 58 105 17 1 22 10 0 33 21 2 122 1 1 0 7 39 0 7 0 0 50 0 0 0 0 57 2 8 4 0 13 1 21 4 0 251 0 9 0 0 1 6 33 6 19 1 0 11 14 0
0 5 6 0 4 13 11 4 0 38 28 8 77 35 0 2 25 124 11 0 3 2 5 2 41 2 29 2 6 0 1 0 5 8 210 7 0 23 7 0 0 0 0 0 0 1 0 1 1 0 24 0 0 0 7 2 1 0 6 0 46 122 16 1 24 20 4 12 16 31 69 0 1 0 15 56 0 5 1 0 41 0 0 0 0 35 10 6 4 1 14 0 24 5 6 256 0 6 0 4 3 13 47 10 30 8 1 3 23 0
